23	27;1;1;p23	27;1;1;p23
3	27;1;1;p3	27;1;1;p3
8	27;1;1;p8	27;1;1;p8
17	27;1;2;p17	27;1;2;p17
2	27;1;2;p2	27;1;2;p2
11	27;1;p11	27;1;p11
13	27;1;p13	27;1;p13
1	27;2	27;2
21	27;3;53	27;3;53
10	27;3;60	27;3;60
14	27;3;67;p14	27;3;67;mix|p14|p15
15	27;3;67;p15	27;3;67;mix|p14|p15
4	27;3;67;p4	27;3;67;mix|p4|p7
7	27;3;67;p7	27;3;67;mix|p4|p7
19	27;3;67;p19	27;3;67;p19
9	27;3;70	27;3;70
20	27;3;71	27;3;mix|71|99|39
16	27;3;99	27;3;mix|71|99|39
22	27;3;99	27;3;mix|71|99|39
6	27;3;39	27;3;mix|71|99|39
18	27;3;39	27;3;mix|71|99|39
0	27;4;p0	27;4;mix|p0|p12
12	27;4;p12	27;4;mix|p0|p12
5	27;4;p5	27;4;p5
