13	31;1;p13	31;1;mix|p13|p2|p6
2	31;1;p2	31;1;mix|p13|p2|p6
6	31;1;p6	31;1;mix|p13|p2|p6
21	31;1;p21	31;1;mix|p21|p24
24	31;1;p24	31;1;mix|p21|p24
22	31;1;p22	31;1;mix|p22|p27
27	31;1;p27	31;1;mix|p22|p27
1	31;1;p1	31;1;p1
11	31;1;p11	31;1;p11
7	31;1;p7	31;1;p7
8	31;1;p8	31;1;p8
29	31;2;5	31;2;5
14	31;2;p14	31;2;p14
15	31;2;p15	31;2;p15
9	31;2;p9	31;2;p9
23	31;3;1	31;3;1
28	31;3	31;3
30	31;4;p30	31;4;mix|p30|p33|p4
33	31;4;p33	31;4;mix|p30|p33|p4
4	31;4;p4	31;4;mix|p30|p33|p4
16	31;4;p16	31;4;p16
31	31;4;p31	31;4;p31
5	31;4;p5	31;4;p5
17	31;1;1;p17	31;6;1;mix|p17|p20
20	31;1;1;p20	31;6;1;mix|p17|p20
19	31;1;1;p19	31;6;1;1;p19
25	31;1;1;p25	31;6;1;1;p25
0	31;1;10;p0	31;6;1;10;p0
10	31;1;10;p10	31;6;1;10;p10
32	31;1;10;p32	31;6;1;10;p32
12	31;1;4;2;1	31;6;1;4;2;1
18	31;1;5;1	31;6;1;5;1
34	31;1;8	31;6;1;8
26	31;1;6;3	31;6;mix|6|9
3	31;1;9	31;6;mix|6|9
