14	13;1;3;1	13;1;3;1
1	13;1;3;4	13;1;3;4
21	13;1;3;4;11	13;1;3;4;11
11	13;1;3;5;5	13;1;3;5;5
2	13;1;3;1;1;p2	13;1;3;6;1;1;p2
6	13;1;3;1;1;p6	13;1;3;6;1;1;p6
22	13;1;3;1;2	13;1;3;6;1;2
18	13;1;3;1;4	13;1;3;6;1;4
31	13;1;3;1;4	13;1;3;6;1;4
25	13;1;5;1;1	13;1;5;1;1
12	13;1;5;1;p12	13;1;5;3;1;p12
29	13;1;5;1;p29	13;1;5;3;1;p29
19	13;1;1;2;1	13;1;mix|1|6
27	13;1;1;2;1	13;1;mix|1|6
17	13;1;6;1;1	13;1;mix|1|6
4	13;1;2;3;4	13;1;mix|2|4|7
9	13;1;2;3;2	13;1;mix|2|4|7
15	13;1;2;2;2	13;1;mix|2|4|7
24	13;1;2;3	13;1;mix|2|4|7
34	13;1;2;2	13;1;mix|2|4|7
0	13;1;4	13;1;mix|2|4|7
3	13;1;4;1;4	13;1;mix|2|4|7
10	13;1;4;4;3	13;1;mix|2|4|7
16	13;1;4;1;1	13;1;mix|2|4|7
30	13;1;4;1	13;1;mix|2|4|7
32	13;1;4;4;3	13;1;mix|2|4|7
33	13;1;4;4;1	13;1;mix|2|4|7
7	13;1;7;4	13;1;mix|2|4|7
13	13;1;7	13;1;mix|2|4|7
23	13;1;7	13;1;mix|2|4|7
26	13;2;3;4	13;2;3;4
5	13;2;4;1	13;2;4;1
28	13;2;4;3	13;2;4;3
20	13;2;4;4	13;2;4;4
8	13;2;5;2	13;2;5;2
