158	29;1;10	29;1;10
134	29;1;5;p134	29;1;5;p134
162	29;1;5;p162	29;1;5;p162
139	29;1;12	29;1;mix|12|15|20|19|22|3|11
10	29;1;15	29;1;mix|12|15|20|19|22|3|11
37	29;1;20	29;1;mix|12|15|20|19|22|3|11
47	29;1;19	29;1;mix|12|15|20|19|22|3|11
116	29;1;22	29;1;mix|12|15|20|19|22|3|11
132	29;1;3	29;1;mix|12|15|20|19|22|3|11
180	29;1;11	29;1;mix|12|15|20|19|22|3|11
166	29;1;4	29;1;mix|4|7
184	29;1;7	29;1;mix|4|7
76	29;2;1;1;1;1;17	29;2;1;1;1;1;17
149	29;2;1;1;1;1;530	29;2;1;1;1;1;530
62	29;2;1;1;1;1;16	29;2;1;1;1;1;mix|16|83|18|15|20|13
145	29;2;1;1;1;1;83	29;2;1;1;1;1;mix|16|83|18|15|20|13
147	29;2;1;1;1;1;18	29;2;1;1;1;1;mix|16|83|18|15|20|13
1	29;2;1;1;1;1;15	29;2;1;1;1;1;mix|16|83|18|15|20|13
17	29;2;1;1;1;1;20	29;2;1;1;1;1;mix|16|83|18|15|20|13
120	29;2;1;1;1;1;13	29;2;1;1;1;1;mix|16|83|18|15|20|13
168	29;2;1;1;1;2;24	29;2;1;1;1;2;24
43	29;2;1;1;3;2;510	29;2;1;1;mix|3|4
28	29;2;1;1;4;2	29;2;1;1;mix|3|4
125	29;2;1;1;4;2	29;2;1;1;mix|3|4
4	29;2;1;2;2;15	29;2;1;2;2;15
8	29;2;1;2;1;18	29;2;1;2;1;18
9	29;2;1;2;2;22	29;2;1;2;2;22
16	29;2;1;2;2;5	29;2;1;2;2;5
19	29;2;1;2;1;53	29;2;1;2;1;53
20	29;2;1;2;2;17	29;2;1;2;2;17
22	29;2;1;2;2;36	29;2;1;2;2;36
23	29;2;1;2;1;14	29;2;1;2;1;14
32	29;2;1;2;2;18	29;2;1;2;2;18
36	29;2;1;2;2;535	29;2;1;2;2;535
40	29;2;1;2;2;513	29;2;1;2;2;513
50	29;2;1;2;1;6	29;2;1;2;1;6
52	29;2;1;2;1;17	29;2;1;2;1;17
61	29;2;1;2;1;19	29;2;1;2;1;19
66	29;2;1;2;2;32	29;2;1;2;2;32
67	29;2;1;2;2;523	29;2;1;2;2;523
69	29;2;1;2;2;13	29;2;1;2;2;13
75	29;2;1;2;2;81	29;2;1;2;2;81
77	29;2;1;2;2;21	29;2;1;2;2;21
80	29;2;1;2;2;10	29;2;1;2;2;10
84	29;2;1;2;2;12	29;2;1;2;2;12
87	29;2;1;2;2;14	29;2;1;2;2;14
88	29;2;1;2;1;8	29;2;1;2;1;8
91	29;2;1;2;2;141	29;2;1;2;2;141
95	29;2;1;2;2;518	29;2;1;2;2;518
96	29;2;1;2;1;9	29;2;1;2;1;9
102	29;2;1;2;2;34	29;2;1;2;2;34
106	29;2;1;2;1;13	29;2;1;2;1;13
111	29;2;1;2;1;2	29;2;1;2;1;2
113	29;2;1;2;2;527	29;2;1;2;2;527
114	29;2;1;2;1;20	29;2;1;2;1;20
118	29;2;1;2;1;11	29;2;1;2;1;11
123	29;2;1;2;2;30	29;2;1;2;2;30
124	29;2;1;2;2;38	29;2;1;2;2;38
126	29;2;1;2;1;3	29;2;1;2;1;3
129	29;2;1;2;2;3	29;2;1;2;2;3
131	29;2;1;2;1;4	29;2;1;2;1;4
135	29;2;1;2;2;11	29;2;1;2;2;11
138	29;2;1;2;2;6	29;2;1;2;2;6
144	29;2;1;2;2;27	29;2;1;2;2;27
151	29;2;1;2;1;27	29;2;1;2;1;27
156	29;2;1;2;2;35	29;2;1;2;2;35
160	29;2;1;2;2;57	29;2;1;2;2;57
165	29;2;1;2;2;80	29;2;1;2;2;80
167	29;2;1;2;1;15	29;2;1;2;1;15
169	29;2;1;2;1;7	29;2;1;2;1;7
171	29;2;1;2;2;7	29;2;1;2;2;7
172	29;2;1;2;2;24	29;2;1;2;2;24
177	29;2;1;2;1;26	29;2;1;2;1;26
179	29;2;1;2;2;537	29;2;1;2;2;537
185	29;2;1;2;1;24	29;2;1;2;1;24
38	29;2;1;99;1;25	29;2;1;mix|99|p154
39	29;2;1;99;2;19	29;2;1;mix|99|p154
63	29;2;1;99;1;6	29;2;1;mix|99|p154
154	29;2;1;p154	29;2;1;mix|99|p154
181	29;2;2	29;2;2
14	29;2;3;p14	29;2;3;mix|p14|p97|p107|p13|p71|p164|p173|p174
97	29;2;3;p97	29;2;3;mix|p14|p97|p107|p13|p71|p164|p173|p174
107	29;2;3;p107	29;2;3;mix|p14|p97|p107|p13|p71|p164|p173|p174
13	29;2;3;p13	29;2;3;mix|p14|p97|p107|p13|p71|p164|p173|p174
71	29;2;3;p71	29;2;3;mix|p14|p97|p107|p13|p71|p164|p173|p174
164	29;2;3;p164	29;2;3;mix|p14|p97|p107|p13|p71|p164|p173|p174
173	29;2;3;p173	29;2;3;mix|p14|p97|p107|p13|p71|p164|p173|p174
174	29;2;3;p174	29;2;3;mix|p14|p97|p107|p13|p71|p164|p173|p174
54	29;2;3;p54	29;2;3;mix|p54|p6|p85
6	29;2;3;p6	29;2;3;mix|p54|p6|p85
85	29;2;3;p85	29;2;3;mix|p54|p6|p85
35	29;2;3;p35	29;2;3;p35
109	29;2;4;p109	29;2;4;mix|p109|p15
15	29;2;4;p15	29;2;4;mix|p109|p15
155	29;2;4;p155	29;2;4;mix|p155|p82|p161
82	29;2;4;p82	29;2;4;mix|p155|p82|p161
161	29;2;4;p161	29;2;4;mix|p155|p82|p161
18	29;2;4;p18	29;2;4;mix|p18|p57|p141
57	29;2;4;p57	29;2;4;mix|p18|p57|p141
141	29;2;4;p141	29;2;4;mix|p18|p57|p141
121	29;2;5;p121	29;2;5;p121
98	29;2;5;p98	29;2;5;p98
176	29;2;p176	29;2;p176
3	29;3;2	29;3;2
29	29;3;4;99	29;3;4;99
130	29;3;2	29;3;2
137	29;3;1	29;3;1
150	29;3;4;99	29;3;4;99
153	29;3;4;99	29;3;4;99
170	29;3;3	29;3;3
182	29;3;3	29;3;3
188	29;3;3	29;3;3
189	29;3;3	29;3;3
104	29;4;p104	29;4;mix|p104|p56|p99
56	29;4;p56	29;4;mix|p104|p56|p99
99	29;4;p99	29;4;mix|p104|p56|p99
48	29;4;p48	29;4;mix|p48|p72|p115
72	29;4;p72	29;4;mix|p48|p72|p115
115	29;4;p115	29;4;mix|p48|p72|p115
49	29;5;11;20;p49	29;5;11;20;mix|p49|p94|p103|p93|p183|p81|p163|p175
94	29;5;11;20;p94	29;5;11;20;mix|p49|p94|p103|p93|p183|p81|p163|p175
103	29;5;11;20;p103	29;5;11;20;mix|p49|p94|p103|p93|p183|p81|p163|p175
93	29;5;11;20;p93	29;5;11;20;mix|p49|p94|p103|p93|p183|p81|p163|p175
183	29;5;11;20;p183	29;5;11;20;mix|p49|p94|p103|p93|p183|p81|p163|p175
81	29;5;11;20;p81	29;5;11;20;mix|p49|p94|p103|p93|p183|p81|p163|p175
163	29;5;11;20;p163	29;5;11;20;mix|p49|p94|p103|p93|p183|p81|p163|p175
175	29;5;11;20;p175	29;5;11;20;mix|p49|p94|p103|p93|p183|p81|p163|p175
86	29;5;11;20;p86	29;5;11;20;p86
12	29;5;11;3;p12	29;5;11;3;p12
24	29;5;11;3;p24	29;5;11;3;p24
44	29;5;11;1	29;5;11;mix|1|4|2
53	29;5;11;1	29;5;11;mix|1|4|2
74	29;5;11;1	29;5;11;mix|1|4|2
128	29;5;11;1	29;5;11;mix|1|4|2
142	29;5;11;4;3;1	29;5;11;mix|1|4|2
5	29;5;11;2	29;5;11;mix|1|4|2
65	29;5;11;2	29;5;11;mix|1|4|2
143	29;5;11;p143	29;5;11;p143
42	29;5;11;p42	29;5;11;p42
119	29;5;3	29;5;3
101	29;5;5;p101	29;5;5;p101
148	29;5;5;p148	29;5;5;p148
26	29;5;5;p26	29;5;5;p26
122	29;5;1	29;5;mix|1|p178|4|7
178	29;5;p178	29;5;mix|1|p178|4|7
59	29;5;4	29;5;mix|1|p178|4|7
92	29;5;7	29;5;mix|1|p178|4|7
157	29;5;7	29;5;mix|1|p178|4|7
127	29;5;p127	29;5;mix|p127|p33
33	29;5;p33	29;5;mix|p127|p33
60	29;6;1	29;6;1
100	29;6;3;1	29;6;3;1
159	29;6;3;1	29;6;3;1
108	29;6;3;2;p108	29;6;3;2;mix|p108|p146
146	29;6;3;2;p146	29;6;3;2;mix|p108|p146
110	29;6;3;2;p110	29;6;3;2;p110
0	29;6;2;5	29;6;mix|2|p30|p152
2	29;6;2;2	29;6;mix|2|p30|p152
7	29;6;2;3	29;6;mix|2|p30|p152
11	29;6;2;1	29;6;mix|2|p30|p152
21	29;6;2;2	29;6;mix|2|p30|p152
25	29;6;2;4	29;6;mix|2|p30|p152
27	29;6;2;3	29;6;mix|2|p30|p152
31	29;6;2;6	29;6;mix|2|p30|p152
34	29;6;2;3	29;6;mix|2|p30|p152
41	29;6;2;6	29;6;mix|2|p30|p152
45	29;6;2;6	29;6;mix|2|p30|p152
46	29;6;2;3	29;6;mix|2|p30|p152
51	29;6;2;3	29;6;mix|2|p30|p152
55	29;6;2;6	29;6;mix|2|p30|p152
58	29;6;2;6	29;6;mix|2|p30|p152
64	29;6;2;1	29;6;mix|2|p30|p152
68	29;6;2;2	29;6;mix|2|p30|p152
73	29;6;2;6	29;6;mix|2|p30|p152
78	29;6;2;1	29;6;mix|2|p30|p152
79	29;6;2;2	29;6;mix|2|p30|p152
83	29;6;2;5	29;6;mix|2|p30|p152
90	29;6;2;5	29;6;mix|2|p30|p152
105	29;6;2;4	29;6;mix|2|p30|p152
112	29;6;2;2	29;6;mix|2|p30|p152
117	29;6;2;3	29;6;mix|2|p30|p152
133	29;6;2;4	29;6;mix|2|p30|p152
136	29;6;2;6	29;6;mix|2|p30|p152
140	29;6;2;2	29;6;mix|2|p30|p152
186	29;6;2;1	29;6;mix|2|p30|p152
187	29;6;2;6	29;6;mix|2|p30|p152
30	29;6;p30	29;6;mix|2|p30|p152
152	29;6;p152	29;6;mix|2|p30|p152
70	29;8	29;8
89	29;8	29;8
