158	29;1;10	29;1;10
134	29;1;5;p134	29;1;5;p134
162	29;1;5;p162	29;1;5;p162
184	29;1;7	29;1;7
180	29;1;11	29;1;mix|11|12|15|19|20|22|3|4
139	29;1;12	29;1;mix|11|12|15|19|20|22|3|4
10	29;1;15	29;1;mix|11|12|15|19|20|22|3|4
47	29;1;19	29;1;mix|11|12|15|19|20|22|3|4
37	29;1;20	29;1;mix|11|12|15|19|20|22|3|4
116	29;1;22	29;1;mix|11|12|15|19|20|22|3|4
132	29;1;3	29;1;mix|11|12|15|19|20|22|3|4
166	29;1;4	29;1;mix|11|12|15|19|20|22|3|4
76	29;2;1;1;1;1;17	29;2;1;1;1;1;17
149	29;2;1;1;1;1;530	29;2;1;1;1;1;530
120	29;2;1;1;1;1;13	29;2;1;1;1;1;mix|13|15|16|18|20|83
1	29;2;1;1;1;1;15	29;2;1;1;1;1;mix|13|15|16|18|20|83
62	29;2;1;1;1;1;16	29;2;1;1;1;1;mix|13|15|16|18|20|83
147	29;2;1;1;1;1;18	29;2;1;1;1;1;mix|13|15|16|18|20|83
17	29;2;1;1;1;1;20	29;2;1;1;1;1;mix|13|15|16|18|20|83
145	29;2;1;1;1;1;83	29;2;1;1;1;1;mix|13|15|16|18|20|83
168	29;2;1;1;1;2;24	29;2;1;1;1;2;24
43	29;2;1;1;3;2;510	29;2;1;1;mix|3|4
28	29;2;1;1;4;2	29;2;1;1;mix|3|4
125	29;2;1;1;4;2	29;2;1;1;mix|3|4
38	29;2;1;99;1;25	29;2;1;99;1;25
39	29;2;1;99;2;19	29;2;1;99;2;19
63	29;2;1;99;1;6	29;2;1;99;1;6
4	29;2;1;2;2;15	29;2;1;mix|2|p154
8	29;2;1;2;1;18	29;2;1;mix|2|p154
9	29;2;1;2;2;22	29;2;1;mix|2|p154
16	29;2;1;2;2;5	29;2;1;mix|2|p154
19	29;2;1;2;1;53	29;2;1;mix|2|p154
20	29;2;1;2;2;17	29;2;1;mix|2|p154
22	29;2;1;2;2;36	29;2;1;mix|2|p154
23	29;2;1;2;1;14	29;2;1;mix|2|p154
32	29;2;1;2;2;18	29;2;1;mix|2|p154
36	29;2;1;2;2;535	29;2;1;mix|2|p154
40	29;2;1;2;2;513	29;2;1;mix|2|p154
50	29;2;1;2;1;6	29;2;1;mix|2|p154
52	29;2;1;2;1;17	29;2;1;mix|2|p154
61	29;2;1;2;1;19	29;2;1;mix|2|p154
66	29;2;1;2;2;32	29;2;1;mix|2|p154
67	29;2;1;2;2;523	29;2;1;mix|2|p154
69	29;2;1;2;2;13	29;2;1;mix|2|p154
75	29;2;1;2;2;81	29;2;1;mix|2|p154
77	29;2;1;2;2;21	29;2;1;mix|2|p154
80	29;2;1;2;2;10	29;2;1;mix|2|p154
84	29;2;1;2;2;12	29;2;1;mix|2|p154
87	29;2;1;2;2;14	29;2;1;mix|2|p154
88	29;2;1;2;1;8	29;2;1;mix|2|p154
91	29;2;1;2;2;141	29;2;1;mix|2|p154
95	29;2;1;2;2;518	29;2;1;mix|2|p154
96	29;2;1;2;1;9	29;2;1;mix|2|p154
102	29;2;1;2;2;34	29;2;1;mix|2|p154
106	29;2;1;2;1;13	29;2;1;mix|2|p154
111	29;2;1;2;1;2	29;2;1;mix|2|p154
113	29;2;1;2;2;527	29;2;1;mix|2|p154
114	29;2;1;2;1;20	29;2;1;mix|2|p154
118	29;2;1;2;1;11	29;2;1;mix|2|p154
123	29;2;1;2;2;30	29;2;1;mix|2|p154
124	29;2;1;2;2;38	29;2;1;mix|2|p154
126	29;2;1;2;1;3	29;2;1;mix|2|p154
129	29;2;1;2;2;3	29;2;1;mix|2|p154
131	29;2;1;2;1;4	29;2;1;mix|2|p154
135	29;2;1;2;2;11	29;2;1;mix|2|p154
138	29;2;1;2;2;6	29;2;1;mix|2|p154
144	29;2;1;2;2;27	29;2;1;mix|2|p154
151	29;2;1;2;1;27	29;2;1;mix|2|p154
156	29;2;1;2;2;35	29;2;1;mix|2|p154
160	29;2;1;2;2;57	29;2;1;mix|2|p154
165	29;2;1;2;2;80	29;2;1;mix|2|p154
167	29;2;1;2;1;15	29;2;1;mix|2|p154
169	29;2;1;2;1;7	29;2;1;mix|2|p154
171	29;2;1;2;2;7	29;2;1;mix|2|p154
172	29;2;1;2;2;24	29;2;1;mix|2|p154
177	29;2;1;2;1;26	29;2;1;mix|2|p154
179	29;2;1;2;2;537	29;2;1;mix|2|p154
185	29;2;1;2;1;24	29;2;1;mix|2|p154
154	29;2;1;p154	29;2;1;mix|2|p154
181	29;2;2	29;2;2
107	29;2;3;p107	29;2;3;mix|p107|p13|p14|p164|p173|p174|p71|p97
13	29;2;3;p13	29;2;3;mix|p107|p13|p14|p164|p173|p174|p71|p97
14	29;2;3;p14	29;2;3;mix|p107|p13|p14|p164|p173|p174|p71|p97
164	29;2;3;p164	29;2;3;mix|p107|p13|p14|p164|p173|p174|p71|p97
173	29;2;3;p173	29;2;3;mix|p107|p13|p14|p164|p173|p174|p71|p97
174	29;2;3;p174	29;2;3;mix|p107|p13|p14|p164|p173|p174|p71|p97
71	29;2;3;p71	29;2;3;mix|p107|p13|p14|p164|p173|p174|p71|p97
97	29;2;3;p97	29;2;3;mix|p107|p13|p14|p164|p173|p174|p71|p97
54	29;2;3;p54	29;2;3;mix|p54|p6
6	29;2;3;p6	29;2;3;mix|p54|p6
35	29;2;3;p35	29;2;3;p35
85	29;2;3;p85	29;2;3;p85
109	29;2;4;p109	29;2;4;mix|p109|p15
15	29;2;4;p15	29;2;4;mix|p109|p15
141	29;2;4;p141	29;2;4;mix|p141|p18|p57
18	29;2;4;p18	29;2;4;mix|p141|p18|p57
57	29;2;4;p57	29;2;4;mix|p141|p18|p57
155	29;2;4;p155	29;2;4;mix|p155|p161|p82
161	29;2;4;p161	29;2;4;mix|p155|p161|p82
82	29;2;4;p82	29;2;4;mix|p155|p161|p82
98	29;2;5	29;2;mix|5|p176
121	29;2;5	29;2;mix|5|p176
176	29;2;p176	29;2;mix|5|p176
3	29;3;2	29;3;2
29	29;3;4;99	29;3;4;99
130	29;3;2	29;3;2
137	29;3;1	29;3;1
150	29;3;4;99	29;3;4;99
153	29;3;4;99	29;3;4;99
170	29;3;3	29;3;3
182	29;3;3	29;3;3
188	29;3;3	29;3;3
189	29;3;3	29;3;3
104	29;4;p104	29;4;mix|p104|p56|p99
56	29;4;p56	29;4;mix|p104|p56|p99
99	29;4;p99	29;4;mix|p104|p56|p99
115	29;4;p115	29;4;mix|p115|p48|p72
48	29;4;p48	29;4;mix|p115|p48|p72
72	29;4;p72	29;4;mix|p115|p48|p72
103	29;5;11;20;p103	29;5;11;20;mix|p103|p163|p175|p183|p49|p81|p93|p94
163	29;5;11;20;p163	29;5;11;20;mix|p103|p163|p175|p183|p49|p81|p93|p94
175	29;5;11;20;p175	29;5;11;20;mix|p103|p163|p175|p183|p49|p81|p93|p94
183	29;5;11;20;p183	29;5;11;20;mix|p103|p163|p175|p183|p49|p81|p93|p94
49	29;5;11;20;p49	29;5;11;20;mix|p103|p163|p175|p183|p49|p81|p93|p94
81	29;5;11;20;p81	29;5;11;20;mix|p103|p163|p175|p183|p49|p81|p93|p94
93	29;5;11;20;p93	29;5;11;20;mix|p103|p163|p175|p183|p49|p81|p93|p94
94	29;5;11;20;p94	29;5;11;20;mix|p103|p163|p175|p183|p49|p81|p93|p94
86	29;5;11;20;p86	29;5;11;20;p86
44	29;5;11;1	29;5;11;mix|1|2|4
53	29;5;11;1	29;5;11;mix|1|2|4
74	29;5;11;1	29;5;11;mix|1|2|4
128	29;5;11;1	29;5;11;mix|1|2|4
5	29;5;11;2	29;5;11;mix|1|2|4
65	29;5;11;2	29;5;11;mix|1|2|4
142	29;5;11;4;3;1	29;5;11;mix|1|2|4
12	29;5;11;3	29;5;11;mix|3|p42
24	29;5;11;3	29;5;11;mix|3|p42
42	29;5;11;p42	29;5;11;mix|3|p42
143	29;5;11;p143	29;5;11;p143
101	29;5;5;p101	29;5;5;p101
148	29;5;5;p148	29;5;5;p148
26	29;5;5;p26	29;5;5;p26
122	29;5;1	29;5;mix|1|3|4|7|p127|p178|p33
119	29;5;3	29;5;mix|1|3|4|7|p127|p178|p33
59	29;5;4	29;5;mix|1|3|4|7|p127|p178|p33
92	29;5;7	29;5;mix|1|3|4|7|p127|p178|p33
157	29;5;7	29;5;mix|1|3|4|7|p127|p178|p33
127	29;5;p127	29;5;mix|1|3|4|7|p127|p178|p33
178	29;5;p178	29;5;mix|1|3|4|7|p127|p178|p33
33	29;5;p33	29;5;mix|1|3|4|7|p127|p178|p33
100	29;6;3;1	29;6;3;1
159	29;6;3;1	29;6;3;1
108	29;6;3;2;p108	29;6;3;2;mix|p108|p146
146	29;6;3;2;p146	29;6;3;2;mix|p108|p146
110	29;6;3;2;p110	29;6;3;2;p110
60	29;6;1	29;6;mix|1|2|p152|p30
0	29;6;2;5	29;6;mix|1|2|p152|p30
2	29;6;2;2	29;6;mix|1|2|p152|p30
7	29;6;2;3	29;6;mix|1|2|p152|p30
11	29;6;2;1	29;6;mix|1|2|p152|p30
21	29;6;2;2	29;6;mix|1|2|p152|p30
25	29;6;2;4	29;6;mix|1|2|p152|p30
27	29;6;2;3	29;6;mix|1|2|p152|p30
31	29;6;2;6	29;6;mix|1|2|p152|p30
34	29;6;2;3	29;6;mix|1|2|p152|p30
41	29;6;2;6	29;6;mix|1|2|p152|p30
45	29;6;2;6	29;6;mix|1|2|p152|p30
46	29;6;2;3	29;6;mix|1|2|p152|p30
51	29;6;2;3	29;6;mix|1|2|p152|p30
55	29;6;2;6	29;6;mix|1|2|p152|p30
58	29;6;2;6	29;6;mix|1|2|p152|p30
64	29;6;2;1	29;6;mix|1|2|p152|p30
68	29;6;2;2	29;6;mix|1|2|p152|p30
73	29;6;2;6	29;6;mix|1|2|p152|p30
78	29;6;2;1	29;6;mix|1|2|p152|p30
79	29;6;2;2	29;6;mix|1|2|p152|p30
83	29;6;2;5	29;6;mix|1|2|p152|p30
90	29;6;2;5	29;6;mix|1|2|p152|p30
105	29;6;2;4	29;6;mix|1|2|p152|p30
112	29;6;2;2	29;6;mix|1|2|p152|p30
117	29;6;2;3	29;6;mix|1|2|p152|p30
133	29;6;2;4	29;6;mix|1|2|p152|p30
136	29;6;2;6	29;6;mix|1|2|p152|p30
140	29;6;2;2	29;6;mix|1|2|p152|p30
186	29;6;2;1	29;6;mix|1|2|p152|p30
187	29;6;2;6	29;6;mix|1|2|p152|p30
152	29;6;p152	29;6;mix|1|2|p152|p30
30	29;6;p30	29;6;mix|1|2|p152|p30
70	29;8	29;8
89	29;8	29;8
