11	25;1;1;2;5	25;1;mix|1|2|p17|p2|p3
5	25;1;2;4;1	25;1;mix|1|2|p17|p2|p3
10	25;1;2;4;1	25;1;mix|1|2|p17|p2|p3
16	25;1;2;4;1	25;1;mix|1|2|p17|p2|p3
18	25;1;2;4;1	25;1;mix|1|2|p17|p2|p3
17	25;1;p17	25;1;mix|1|2|p17|p2|p3
2	25;1;p2	25;1;mix|1|2|p17|p2|p3
3	25;1;p3	25;1;mix|1|2|p17|p2|p3
15	25;1;p15	25;1;p15
13	25;10	25;mix|10|2
6	25;2	25;mix|10|2
20	25;2	25;mix|10|2
0	25;5	25;mix|5|6|p7
4	25;5	25;mix|5|6|p7
8	25;6	25;mix|5|6|p7
9	25;6	25;mix|5|6|p7
12	25;6	25;mix|5|6|p7
19	25;6	25;mix|5|6|p7
7	25;p7	25;mix|5|6|p7
1	25;p1	25;p1
14	25;p14	25;p14
