31	4;1;1;p31	4;1;1;mix|p31|p61|p5|p52|p38
61	4;1;1;p61	4;1;1;mix|p31|p61|p5|p52|p38
5	4;1;1;p5	4;1;1;mix|p31|p61|p5|p52|p38
52	4;1;1;p52	4;1;1;mix|p31|p61|p5|p52|p38
38	4;1;1;p38	4;1;1;mix|p31|p61|p5|p52|p38
50	4;1;1;p50	4;1;1;p50
62	4;1;1;p62	4;1;1;p62
14	4;1;10;p14	4;1;10;p14
26	4;1;10;p26	4;1;10;p26
39	4;1;10;p39	4;1;10;p39
48	4;1;10;p48	4;1;10;p48
51	4;1;10;p51	4;1;10;p51
17	4;1;13	4;1;13
20	4;1;13	4;1;13
18	4;1;14;p18	4;1;14;mix|p18|p30
30	4;1;14;p30	4;1;14;mix|p18|p30
35	4;1;14;p35	4;1;14;mix|p35|p42|p25|p59
42	4;1;14;p42	4;1;14;mix|p35|p42|p25|p59
25	4;1;14;p25	4;1;14;mix|p35|p42|p25|p59
59	4;1;14;p59	4;1;14;mix|p35|p42|p25|p59
44	4;1;14;p44	4;1;14;p44
34	4;1;3	4;1;3
66	4;1;4	4;1;4
13	4;1;5;p13	4;1;5;p13
15	4;1;5;p15	4;1;5;p15
57	4;1;5;p57	4;1;5;p57
8	4;1;5;p8	4;1;5;p8
22	4;1;8;p22	4;1;8;mix|p22|p43
43	4;1;8;p43	4;1;8;mix|p22|p43
0	4;1;8;p0	4;1;8;p0
41	4;1;8;p41	4;1;8;p41
23	4;1;11	4;1;mix|11|9|6|7|2|15|12
46	4;1;11	4;1;mix|11|9|6|7|2|15|12
54	4;1;11	4;1;mix|11|9|6|7|2|15|12
24	4;1;9	4;1;mix|11|9|6|7|2|15|12
64	4;1;9	4;1;mix|11|9|6|7|2|15|12
11	4;1;6	4;1;mix|11|9|6|7|2|15|12
7	4;1;7	4;1;mix|11|9|6|7|2|15|12
60	4;1;7	4;1;mix|11|9|6|7|2|15|12
2	4;1;2	4;1;mix|11|9|6|7|2|15|12
19	4;1;2	4;1;mix|11|9|6|7|2|15|12
29	4;1;2	4;1;mix|11|9|6|7|2|15|12
45	4;1;2	4;1;mix|11|9|6|7|2|15|12
21	4;1;15	4;1;mix|11|9|6|7|2|15|12
27	4;1;15	4;1;mix|11|9|6|7|2|15|12
47	4;1;15	4;1;mix|11|9|6|7|2|15|12
49	4;1;15	4;1;mix|11|9|6|7|2|15|12
53	4;1;15	4;1;mix|11|9|6|7|2|15|12
58	4;1;15	4;1;mix|11|9|6|7|2|15|12
65	4;1;15	4;1;mix|11|9|6|7|2|15|12
4	4;1;12	4;1;mix|11|9|6|7|2|15|12
33	4;1;12	4;1;mix|11|9|6|7|2|15|12
40	4;1;12	4;1;mix|11|9|6|7|2|15|12
10	4;2;14;30;p10	4;2;14;11;mix|p10|p56
56	4;2;14;30;p56	4;2;14;11;mix|p10|p56
67	4;2;14;30;p67	4;2;14;11;1;30;p67
6	4;2;14;p6	4;2;14;p6
9	4;2;14;p9	4;2;14;p9
3	4;2;2;p3	4;2;2;mix|p3|p36
36	4;2;2;p36	4;2;2;mix|p3|p36
12	4;2;2;p12	4;2;2;p12
32	4;2;2;p32	4;2;2;p32
28	4;2;3	4;2;3
16	4;2;4;p16	4;2;4;p16
63	4;2;4;p63	4;2;4;p63
55	4;2;8	4;2;8
1	4;3;10	4;3;10
37	4;3;12	4;3;12
68	4;3;4;p68	4;3;4;p68
69	4;3;4;p69	4;3;4;p69
