0	2;1;2;1	2;1;2;1
1	2;1;2;1	2;1;2;1
2	2;1;1;3	2;1;1;3
10	2;1;2;2	2;1;2;2
12	2;1;2;3	2;1;2;3
14	2;1;2;3	2;1;2;3
26	2;1;1;2	2;1;1;2
27	2;1;2;2	2;1;2;2
30	2;1;2;1	2;1;2;1
32	2;1;2;3	2;1;2;3
36	2;1;2;1	2;1;2;1
37	2;1;2;1	2;1;2;1
39	2;1;1;1	2;1;1;1
42	2;1;2;1	2;1;2;1
45	2;1;2;1	2;1;2;1
47	2;1;1;1	2;1;1;1
51	2;1;1;1	2;1;1;1
54	2;1;2;4	2;1;2;4
55	2;1;2;1	2;1;2;1
11	2;2;1;1;p11	2;2;1;1;p11
17	2;2;1;1;p17	2;2;1;1;p17
38	2;2;1;1;p38	2;2;1;1;p38
41	2;2;1;1;p41	2;2;1;1;p41
49	2;2;1;1;p49	2;2;1;1;p49
56	2;2;1;1;p56	2;2;1;1;p56
29	2;2;1;3;1;p29	2;2;1;3;1;p29
40	2;2;1;3;1;p40	2;2;1;3;1;p40
53	2;2;1;3;2	2;2;1;3;2
34	2;2;1;3;3;p34	2;2;1;3;3;p34
43	2;2;1;3;3;p43	2;2;1;3;3;p43
6	2;2;1;3;3;p6	2;2;1;3;3;p6
16	2;2;1;4;p16	2;2;1;4;p16
25	2;2;1;4;p25	2;2;1;4;p25
33	2;2;1;4;p33	2;2;1;4;p33
35	2;2;1;4;p35	2;2;1;4;p35
23	2;2;1;5;p23	2;2;1;5;p23
46	2;2;1;5;p46	2;2;1;5;p46
50	2;2;1;5;p50	2;2;1;5;p50
9	2;2;2;1;1	2;2;2;1;1
7	2;2;2;1;2;p7	2;2;2;1;2;mix|p7|p8
8	2;2;2;1;2;p8	2;2;2;1;2;mix|p7|p8
19	2;2;2;1;2;p19	2;2;2;1;2;p19
21	2;2;2;1;2;p21	2;2;2;1;2;p21
52	2;2;2;1;2;p52	2;2;2;1;2;p52
18	2;2;2;10;p18	2;2;2;10;p18
31	2;2;2;10;p31	2;2;2;10;p31
20	2;2;2;3;p20	2;2;2;3;p20
22	2;2;2;3;p22	2;2;2;3;p22
3	2;2;2;3;p3	2;2;2;3;p3
44	2;2;2;3;p44	2;2;2;3;p44
24	2;2;2;6;34;2	2;2;2;6;34;2
28	2;2;2;9	2;2;2;9
4	2;2;2;2	2;2;2;mix|2|4|8
5	2;2;2;2	2;2;2;mix|2|4|8
13	2;2;2;4	2;2;2;mix|2|4|8
48	2;2;2;4	2;2;2;mix|2|4|8
15	2;2;2;8	2;2;2;mix|2|4|8
