4	10;1;11	10;1;11
65	10;1;2	10;1;2
28	10;1;4;p28	10;1;4;mix|p28|p42|p49
42	10;1;4;p42	10;1;4;mix|p28|p42|p49
49	10;1;4;p49	10;1;4;mix|p28|p42|p49
1	10;1;4;p1	10;1;4;p1
22	10;1;4;p22	10;1;4;p22
43	10;1;4;p43	10;1;4;p43
62	10;1;4;p62	10;1;4;p62
46	10;1;5;p46	10;1;5;mix|p46|p59|p64|p68|p78
59	10;1;5;p59	10;1;5;mix|p46|p59|p64|p68|p78
64	10;1;5;p64	10;1;5;mix|p46|p59|p64|p68|p78
68	10;1;5;p68	10;1;5;mix|p46|p59|p64|p68|p78
78	10;1;5;p78	10;1;5;mix|p46|p59|p64|p68|p78
63	10;1;5;p63	10;1;5;p63
24	10;1;8;p24	10;1;8;p24
77	10;1;8;p77	10;1;8;p77
33	10;1;1;1	10;1;mix|1|10|21|3|7
61	10;1;1;1	10;1;mix|1|10|21|3|7
12	10;1;10	10;1;mix|1|10|21|3|7
15	10;1;10	10;1;mix|1|10|21|3|7
37	10;1;10	10;1;mix|1|10|21|3|7
45	10;1;10	10;1;mix|1|10|21|3|7
51	10;1;10	10;1;mix|1|10|21|3|7
13	10;1;21	10;1;mix|1|10|21|3|7
17	10;1;3	10;1;mix|1|10|21|3|7
19	10;1;3	10;1;mix|1|10|21|3|7
39	10;1;3	10;1;mix|1|10|21|3|7
6	10;1;7	10;1;mix|1|10|21|3|7
72	10;1;6	10;1;mix|6|p57
57	10;1;p57	10;1;mix|6|p57
75	10;2;2	10;2;2
70	10;2;p70	10;2;p70
2	10;5;1;1	10;5;1;1
10	10;5;1;1	10;5;1;1
11	10;5;5	10;5;5
14	10;5;1;1	10;5;1;1
18	10;5;5	10;5;5
20	10;5;1;1	10;5;1;1
29	10;5;1;1	10;5;1;1
34	10;5;5	10;5;5
38	10;5;5	10;5;5
47	10;5;5	10;5;5
50	10;5;1;1	10;5;1;1
52	10;5;5	10;5;5
55	10;5;1;1	10;5;1;1
58	10;5;1;1	10;5;1;1
31	10;6;1	10;6;1
48	10;6;1	10;6;1
3	10;6;2;p3	10;6;2;mix|p3|p56|p71
56	10;6;2;p56	10;6;2;mix|p3|p56|p71
71	10;6;2;p71	10;6;2;mix|p3|p56|p71
26	10;6;2;p26	10;6;2;p26
8	10;6;2;p8	10;6;2;p8
21	10;6;3;p21	10;6;3;p21
41	10;6;3;p41	10;6;3;p41
66	10;6;3;p66	10;6;3;p66
74	10;6;3;p74	10;6;3;p74
0	10;7;p0	10;7;mix|p0|p23|p30
23	10;7;p23	10;7;mix|p0|p23|p30
30	10;7;p30	10;7;mix|p0|p23|p30
60	10;7;p60	10;7;mix|p60|p7|p73
7	10;7;p7	10;7;mix|p60|p7|p73
73	10;7;p73	10;7;mix|p60|p7|p73
16	10;7;p16	10;7;p16
36	10;7;p36	10;7;p36
54	10;7;p54	10;7;p54
67	10;7;p67	10;7;p67
32	10;8;1;p32	10;8;1;mix|p32|p44|p5|p53
44	10;8;1;p44	10;8;1;mix|p32|p44|p5|p53
5	10;8;1;p5	10;8;1;mix|p32|p44|p5|p53
53	10;8;1;p53	10;8;1;mix|p32|p44|p5|p53
35	10;8;1;p35	10;8;1;p35
25	10;8;2;p25	10;8;2;p25
27	10;8;2;p27	10;8;2;p27
40	10;8;2;p40	10;8;2;p40
69	10;8;2;p69	10;8;2;p69
76	10;8;2;p76	10;8;2;p76
9	10;8;2;p9	10;8;2;p9
