11	19;1;p11	19;1;mix|p11|p14|p9
14	19;1;p14	19;1;mix|p11|p14|p9
9	19;1;p9	19;1;mix|p11|p14|p9
24	19;1;p24	19;1;p24
0	19;13	19;13
28	19;14;p28	19;14;mix|p28|p29
29	19;14;p29	19;14;mix|p28|p29
15	19;14;p15	19;14;p15
18	19;14;p18	19;14;p18
35	19;20	19;20
36	19;32	19;32
12	19;7;p12	19;7;p12
23	19;7;p23	19;7;p23
22	19;9;p22	19;9;p22
33	19;9;p33	19;9;p33
1	19;10	19;mix|10|11|12|3|4|5
4	19;10	19;mix|10|11|12|3|4|5
7	19;10	19;mix|10|11|12|3|4|5
10	19;10	19;mix|10|11|12|3|4|5
17	19;10	19;mix|10|11|12|3|4|5
26	19;10	19;mix|10|11|12|3|4|5
21	19;11	19;mix|10|11|12|3|4|5
20	19;12	19;mix|10|11|12|3|4|5
34	19;12	19;mix|10|11|12|3|4|5
8	19;3	19;mix|10|11|12|3|4|5
16	19;3	19;mix|10|11|12|3|4|5
27	19;3	19;mix|10|11|12|3|4|5
31	19;3	19;mix|10|11|12|3|4|5
19	19;4	19;mix|10|11|12|3|4|5
2	19;5	19;mix|10|11|12|3|4|5
25	19;21	19;mix|21|8|99
32	19;21	19;mix|21|8|99
5	19;8	19;mix|21|8|99
30	19;8	19;mix|21|8|99
3	19;99	19;mix|21|8|99
13	19;2	19;mix|2|40
6	19;40	19;mix|2|40
