10	13;1;1;2;1	13;1;1;2;1
14	13;1;1;1;1	13;1;1;1;1
21	13;1;1;2;1	13;1;1;2;1
23	13;1;1;3;1	13;1;1;3;1
43	13;1;1;3;1	13;1;1;3;1
59	13;1;1;3;1	13;1;1;3;1
60	13;1;1;2;1	13;1;1;2;1
61	13;1;1;2;1	13;1;1;2;1
63	13;1;1;1;2	13;1;1;1;2
66	13;1;1;1;1	13;1;1;1;1
73	13;1;1;1;4	13;1;1;1;4
101	13;1;1;3;11	13;1;1;3;11
103	13;1;1;3;1	13;1;1;3;1
106	13;1;1;1;1	13;1;1;1;1
118	13;1;1;3;1	13;1;1;3;1
133	13;1;1;2;1	13;1;1;2;1
136	13;1;1;2;1	13;1;1;2;1
113	13;1;2;1;p113	13;1;2;2;1;p113
127	13;1;2;1;p127	13;1;2;2;1;p127
65	13;1;2;1;p65	13;1;2;2;1;p65
87	13;1;2;1;p87	13;1;2;2;1;p87
34	13;1;2;3;21	13;1;2;3;21
9	13;1;2;3;23	13;1;2;3;23
83	13;1;2;3;3	13;1;2;3;mix|3|4|22
5	13;1;2;3;4	13;1;2;3;mix|3|4|22
44	13;1;2;3;22	13;1;2;3;mix|3|4|22
72	13;1;2;3;22	13;1;2;3;mix|3|4|22
163	13;1;3;4;12	13;1;3;4;12
135	13;1;3;4;13;p135	13;1;3;4;13;mix|p135|p148|p79
148	13;1;3;4;13;p148	13;1;3;4;13;mix|p135|p148|p79
79	13;1;3;4;13;p79	13;1;3;4;13;mix|p135|p148|p79
154	13;1;3;4;13;p154	13;1;3;4;13;p154
49	13;1;3;4;2;p49	13;1;3;4;2;mix|p49|p76
76	13;1;3;4;2;p76	13;1;3;4;2;mix|p49|p76
100	13;1;3;4;2;p100	13;1;3;4;2;p100
56	13;1;3;4;3	13;1;3;4;3
71	13;1;3;4;11	13;1;3;4;mix|11|p134|p105|p53|15|1|p110
91	13;1;3;4;11	13;1;3;4;mix|11|p134|p105|p53|15|1|p110
115	13;1;3;4;11	13;1;3;4;mix|11|p134|p105|p53|15|1|p110
134	13;1;3;4;p134	13;1;3;4;mix|11|p134|p105|p53|15|1|p110
105	13;1;3;4;p105	13;1;3;4;mix|11|p134|p105|p53|15|1|p110
53	13;1;3;4;p53	13;1;3;4;mix|11|p134|p105|p53|15|1|p110
74	13;1;3;4;15;2	13;1;3;4;mix|11|p134|p105|p53|15|1|p110
107	13;1;3;4;15;2	13;1;3;4;mix|11|p134|p105|p53|15|1|p110
3	13;1;3;4;1	13;1;3;4;mix|11|p134|p105|p53|15|1|p110
110	13;1;3;4;p110	13;1;3;4;mix|11|p134|p105|p53|15|1|p110
28	13;1;3;4;p28	13;1;3;4;p28
123	13;1;3;5;2	13;1;3;5;2
0	13;1;3;5;3	13;1;3;5;3
24	13;1;3;5;4	13;1;3;5;4
109	13;1;3;5;5;p109	13;1;3;5;5;p109
15	13;1;3;5;5;p15	13;1;3;5;5;p15
20	13;1;3;5;5;p20	13;1;3;5;5;p20
152	13;1;3;1;1;p152	13;1;3;6;1;mix|p152|p39
39	13;1;3;1;1;p39	13;1;3;6;1;mix|p152|p39
160	13;1;3;1;1;p160	13;1;3;6;1;1;p160
116	13;1;3;1;10;p116	13;1;3;6;1;10;p116
89	13;1;3;1;10;p89	13;1;3;6;1;10;p89
33	13;1;3;1;4	13;1;3;6;1;4
35	13;1;3;1;2	13;1;3;6;mix|2|3
62	13;1;3;1;2	13;1;3;6;mix|2|3
166	13;1;3;1;3	13;1;3;6;mix|2|3
86	13;1;3;1;1	13;1;3;mix|1|2
143	13;1;3;1;1	13;1;3;mix|1|2
157	13;1;3;1;1	13;1;3;mix|1|2
6	13;1;3;2;1	13;1;3;mix|1|2
29	13;1;4;1;4;16;5;1;1;1;1	13;1;4;1;4;16;5;1;1;1;1
41	13;1;4;1;1	13;1;4;1;1
51	13;1;4;1;1	13;1;4;1;1
54	13;1;4;1;2	13;1;4;1;2
93	13;1;4;1;1	13;1;4;1;1
142	13;1;4;1;1	13;1;4;1;1
119	13;1;4;4;1;p119	13;1;4;4;1;p119
126	13;1;4;4;1;p126	13;1;4;4;1;p126
36	13;1;4;4;1;p36	13;1;4;4;1;p36
124	13;1;4;4;3;5;p124	13;1;4;4;3;16;mix|p124|p128
128	13;1;4;4;3;5;p128	13;1;4;4;3;16;mix|p124|p128
102	13;1;4;4;3;5;p102	13;1;4;4;3;16;5;1;1;1;5;p102
117	13;1;4;4;3;5;p117	13;1;4;4;3;16;5;1;1;1;5;p117
84	13;1;4;4;3;5;p84	13;1;4;4;3;16;5;1;1;1;5;p84
80	13;1;4;4;3;p80	13;1;4;4;3;p80
159	13;1;4;5;1	13;1;4;5;1
131	13;1;5;1;1;p131	13;1;5;1;1;mix|p131|p153|p129
153	13;1;5;1;1;p153	13;1;5;1;1;mix|p131|p153|p129
129	13;1;5;1;1;p129	13;1;5;1;1;mix|p131|p153|p129
42	13;1;5;1;1;p42	13;1;5;1;1;p42
8	13;1;5;1;1;p8	13;1;5;1;1;p8
98	13;1;5;1;1;p98	13;1;5;1;1;p98
120	13;1;5;1;2;p120	13;1;5;1;2;p120
7	13;1;5;1;2;p7	13;1;5;1;2;p7
151	13;1;5;1;3	13;1;5;1;3
52	13;1;5;2;2;1;2;3;13;1;1;3;1	13;1;5;2;2;1;2;3;13;1;1;3;1
108	13;1;5;3;1;p108	13;1;5;3;1;mix|p108|p48|p112
48	13;1;5;3;1;p48	13;1;5;3;1;mix|p108|p48|p112
112	13;1;5;3;1;p112	13;1;5;3;1;mix|p108|p48|p112
125	13;1;5;3;1;p125	13;1;5;3;1;mix|p125|p70|p46|p57|p90
70	13;1;5;3;1;p70	13;1;5;3;1;mix|p125|p70|p46|p57|p90
46	13;1;5;3;1;p46	13;1;5;3;1;mix|p125|p70|p46|p57|p90
57	13;1;5;3;1;p57	13;1;5;3;1;mix|p125|p70|p46|p57|p90
90	13;1;5;3;1;p90	13;1;5;3;1;mix|p125|p70|p46|p57|p90
155	13;1;5;3;1;p155	13;1;5;3;1;p155
69	13;1;5;3;1;p69	13;1;5;3;1;p69
95	13;1;5;3;p95	13;1;5;3;p95
67	13;1;6;1;7	13;1;6;1;7
37	13;1;6;1;2;18;5	13;1;6;1;mix|2|5|10|6|1
99	13;1;6;1;2;18;5	13;1;6;1;mix|2|5|10|6|1
94	13;1;6;1;5	13;1;6;1;mix|2|5|10|6|1
146	13;1;6;1;5	13;1;6;1;mix|2|5|10|6|1
19	13;1;6;1;10	13;1;6;1;mix|2|5|10|6|1
78	13;1;6;1;6	13;1;6;1;mix|2|5|10|6|1
122	13;1;6;1;6	13;1;6;1;mix|2|5|10|6|1
150	13;1;6;1;6	13;1;6;1;mix|2|5|10|6|1
12	13;1;6;1;1	13;1;6;1;mix|2|5|10|6|1
16	13;1;6;1;1	13;1;6;1;mix|2|5|10|6|1
82	13;1;6;1;1	13;1;6;1;mix|2|5|10|6|1
137	13;1;6;1;1	13;1;6;1;mix|2|5|10|6|1
144	13;1;6;1;1	13;1;6;1;mix|2|5|10|6|1
145	13;1;6;1;1	13;1;6;1;mix|2|5|10|6|1
81	13;1;6;2	13;1;6;2
165	13;1;6;2;1	13;1;6;2;1
140	13;1;6;5;2;p140	13;1;6;5;2;p140
22	13;1;6;5;2;p22	13;1;6;5;2;p22
25	13;1;6;5;4;p25	13;1;6;5;4;p25
27	13;1;6;5;4;p27	13;1;6;5;4;p27
77	13;1;6;5;4;p77	13;1;6;5;4;p77
11	13;1;6;5;5;p11	13;1;6;5;5;p11
121	13;1;6;5;5;p121	13;1;6;5;5;p121
32	13;1;6;5;5;p32	13;1;6;5;5;p32
40	13;1;6;5;5;p40	13;1;6;5;5;p40
13	13;1;7;1;p13	13;1;7;1;p13
156	13;1;7;1;p156	13;1;7;1;p156
18	13;1;7;1;p18	13;1;7;1;p18
97	13;1;7;2	13;1;7;2
2	13;1;7;4	13;1;7;4
64	13;1;7;9	13;1;7;9
138	13;2;2;1	13;2;2;1
30	13;2;2;2	13;2;2;2
26	13;2;2;3;p26	13;2;2;3;mix|p26|p88|p17
88	13;2;2;3;p88	13;2;2;3;mix|p26|p88|p17
17	13;2;2;3;p17	13;2;2;3;mix|p26|p88|p17
130	13;2;2;3;p130	13;2;2;3;p130
85	13;2;2;3;p85	13;2;2;3;p85
92	13;2;2;3;p92	13;2;2;3;p92
96	13;2;3;2;24;2	13;2;3;2;24;2
104	13;2;3;4;p104	13;2;3;4;mix|p104|p47|p111
47	13;2;3;4;p47	13;2;3;4;mix|p104|p47|p111
111	13;2;3;4;p111	13;2;3;4;mix|p104|p47|p111
114	13;2;3;4;p114	13;2;3;4;p114
162	13;2;3;4;p162	13;2;3;4;p162
38	13;2;3;4;p38	13;2;3;4;p38
55	13;2;3;4;p55	13;2;3;4;p55
167	13;2;4;4	13;2;4;4
149	13;2;4;5	13;2;4;5
4	13;2;4;1	13;2;4;mix|1|3
132	13;2;4;1	13;2;4;mix|1|3
141	13;2;4;3	13;2;4;mix|1|3
45	13;2;5;2;1;2;6	13;2;5;2;1;2;6
50	13;2;5;3	13;2;5;3
58	13;2;5;2;1;2;4;2	13;2;5;2;1;2;4;2
68	13;2;5;2;1;2;6	13;2;5;2;1;2;6
75	13;2;5;3	13;2;5;3
161	13;2;5;3	13;2;5;3
158	13;2;6;2;p158	13;2;6;2;p158
31	13;2;6;2;p31	13;2;6;2;p31
139	13;2;6;3;p139	13;2;6;3;11;9;4;3;p139
147	13;2;6;3;p147	13;2;6;3;11;9;4;3;p147
164	13;99	13;99
1	13;p1	13;p1
