3	18;2;p3	18;2;p3
6	18;2;p6	18;2;p6
7	18;2;p7	18;2;p7
2	18;4;1;13;1;4;1;4	18;4;1;13;1;4;1;4
12	18;4;1;13;1;4;1;4	18;4;1;13;1;4;1;4
8	18;4;1;16;5;1;1;1;1;13;1;4;1;4	18;4;1;16;5;1;1;1;1;13;1;4;1;4
13	18;4;5;p13	18;4;5;p13
18	18;4;5;p18	18;4;5;p18
5	18;4;5;p5	18;4;5;p5
11	18;1	18;mix|1|3|7|p9
14	18;3;1	18;mix|1|3|7|p9
17	18;3;1	18;mix|1|3|7|p9
4	18;7	18;mix|1|3|7|p9
16	18;7	18;mix|1|3|7|p9
9	18;p9	18;mix|1|3|7|p9
1	18;5;2;5	18;mix|5|p10|p15
10	18;p10	18;mix|5|p10|p15
15	18;p15	18;mix|5|p10|p15
0	18;p0	18;p0
