21	16;1;1;10;p21	16;1;1;10;p21
63	16;1;1;10;p63	16;1;1;10;p63
13	16;1;1;4	16;1;1;4
29	16;1;1;2	16;1;1;mix|2|3|5|6|7|p3
51	16;1;1;2	16;1;1;mix|2|3|5|6|7|p3
67	16;1;1;3	16;1;1;mix|2|3|5|6|7|p3
55	16;1;1;5	16;1;1;mix|2|3|5|6|7|p3
31	16;1;1;6	16;1;1;mix|2|3|5|6|7|p3
34	16;1;1;6	16;1;1;mix|2|3|5|6|7|p3
47	16;1;1;6	16;1;1;mix|2|3|5|6|7|p3
4	16;1;1;7	16;1;1;mix|2|3|5|6|7|p3
3	16;1;1;p3	16;1;1;mix|2|3|5|6|7|p3
49	16;1;2;1	16;1;2;1
39	16;1;2;2	16;1;2;2
54	16;1;2;7;p54	16;1;2;7;p54
56	16;1;2;7;p56	16;1;2;7;p56
80	16;1;2;7;p80	16;1;2;7;p80
22	16;1;2;8;p22	16;1;2;8;p22
79	16;1;2;8;p79	16;1;2;8;p79
26	16;1;2;9;p26	16;1;2;9;p26
9	16;1;2;9;p9	16;1;2;9;p9
10	16;1;3;3	16;1;3;3
12	16;1;3;p12	16;1;3;p12
0	16;1;4;7	16;1;4;7
2	16;1;4;10	16;1;4;10
28	16;1;4;7	16;1;4;7
42	16;1;4;3	16;1;4;3
43	16;1;4;2	16;1;4;2
46	16;1;4;21	16;1;4;21
15	16;1;p15	16;1;p15
37	16;2;1;10;p37	16;2;1;10;mix|p37|p59|p72
59	16;2;1;10;p59	16;2;1;10;mix|p37|p59|p72
72	16;2;1;10;p72	16;2;1;10;mix|p37|p59|p72
41	16;2;1;10;p41	16;2;1;10;p41
5	16;2;1;10;p5	16;2;1;10;p5
8	16;2;1;10;p8	16;2;1;10;p8
19	16;2;1;2	16;2;1;2
71	16;2;1;3	16;2;1;3
53	16;2;1;7	16;2;1;7
70	16;2;1;8	16;2;1;8
75	16;2;1;1	16;2;1;mix|1|4
77	16;2;1;1	16;2;1;mix|1|4
65	16;2;1;4	16;2;1;mix|1|4
33	16;2;1;6	16;2;1;mix|6|9
66	16;2;1;6	16;2;1;mix|6|9
11	16;2;1;9	16;2;1;mix|6|9
61	16;2;p61	16;2;p61
89	16;2;p89	16;2;p89
73	16;4;1;26;8	16;4;1;26;8
57	16;4;1;p57	16;4;1;mix|p57|p81
81	16;4;1;p81	16;4;1;mix|p57|p81
20	16;4;1;p20	16;4;2;1;p20
48	16;4;1;p48	16;4;2;1;p48
83	16;4;1;p83	16;4;2;1;p83
40	16;4;3;1	16;4;3;1
17	16;1;1;1;5;13;1;4;4;3	16;5;1;1;1;5;13;1;4;4;3
64	16;1;1;1;7;26;10	16;5;1;1;1;7;26;10
85	16;1;1;1;10;26;7	16;5;1;1;mix|10|2|3|4|6
32	16;1;1;1;2	16;5;1;1;mix|10|2|3|4|6
38	16;1;1;1;2	16;5;1;1;mix|10|2|3|4|6
18	16;1;1;1;3;8;2;3	16;5;1;1;mix|10|2|3|4|6
27	16;1;1;1;4	16;5;1;1;mix|10|2|3|4|6
30	16;1;1;1;4	16;5;1;1;mix|10|2|3|4|6
68	16;1;1;1;6;26;10	16;5;1;1;mix|10|2|3|4|6
25	16;1;1;3;3;26;25	16;5;1;1;3;3;26;25
74	16;1;1;4;1;26;10	16;5;1;1;4;1;26;10
23	16;1;1;4;2;p23	16;5;1;1;4;2;13;2;6;2;p23
45	16;1;1;4;2;p45	16;5;1;1;4;2;13;2;6;2;p45
36	16;1;3;1;1;26;16	16;5;1;3;1;1;26;16
58	16;1;3;1;1;26;16	16;5;1;3;1;1;26;16
35	16;1;3;1;p35	16;5;1;3;3;17;2;1;p35
82	16;1;3;1;p82	16;5;1;3;3;17;2;1;p82
24	16;7;p24	16;7;mix|p24|p78
78	16;7;p78	16;7;mix|p24|p78
76	16;7;p76	16;7;p76
88	16;7;p88	16;7;p88
44	16;8;1;p44	16;8;1;p44
86	16;8;1;p86	16;8;1;p86
7	16;8;2;1	16;8;2;1
14	16;8;2;2	16;8;2;2
1	16;8;2;p1	16;8;2;p1
52	16;8;2;p52	16;8;2;p52
50	16;8;3;2;p50	16;8;3;2;p50
87	16;8;3;2;p87	16;8;3;2;p87
84	16;8;3;p84	16;8;3;p84
90	16;8;3;p90	16;8;3;p90
60	16;8;3;p60	16;8;4;3;p60
62	16;8;3;p62	16;8;4;3;p62
69	16;8;3;p69	16;8;4;3;p69
16	16;8;5;1	16;8;5;1
6	16;8;8;2	16;8;8;2
