17	11;1;11	11;1;11
15	11;1;13;p15	11;1;13;p15
81	11;1;13;p81	11;1;13;p81
86	11;1;13;p86	11;1;13;p86
37	11;1;3;p37	11;1;3;p37
47	11;1;3;p47	11;1;3;p47
75	11;1;3;p75	11;1;3;p75
80	11;1;3;p80	11;1;3;p80
19	11;1;8;6	11;1;8;6
10	11;1;8;p10	11;1;8;p10
30	11;1;8;p30	11;1;8;p30
43	11;1;8;p43	11;1;8;p43
82	11;1;8;p82	11;1;8;p82
21	11;1;9;p21	11;1;9;p21
25	11;1;9;p25	11;1;9;p25
48	11;1;9;p48	11;1;9;p48
51	11;1;9;p51	11;1;9;p51
72	11;1;9;p72	11;1;9;p72
76	11;1;9;p76	11;1;9;p76
84	11;1;9;p84	11;1;9;p84
2	11;1;1;2;2	11;1;mix|1|12|15|2|31|4|5|6
29	11;1;1;2;4	11;1;mix|1|12|15|2|31|4|5|6
33	11;1;1;2;3	11;1;mix|1|12|15|2|31|4|5|6
36	11;1;1;2;4	11;1;mix|1|12|15|2|31|4|5|6
38	11;1;1;2;1	11;1;mix|1|12|15|2|31|4|5|6
62	11;1;1;2;3	11;1;mix|1|12|15|2|31|4|5|6
68	11;1;1;2;4	11;1;mix|1|12|15|2|31|4|5|6
74	11;1;1;1	11;1;mix|1|12|15|2|31|4|5|6
26	11;1;12	11;1;mix|1|12|15|2|31|4|5|6
28	11;1;12	11;1;mix|1|12|15|2|31|4|5|6
46	11;1;12	11;1;mix|1|12|15|2|31|4|5|6
20	11;1;15	11;1;mix|1|12|15|2|31|4|5|6
39	11;1;15	11;1;mix|1|12|15|2|31|4|5|6
52	11;1;15	11;1;mix|1|12|15|2|31|4|5|6
59	11;1;15	11;1;mix|1|12|15|2|31|4|5|6
41	11;1;2	11;1;mix|1|12|15|2|31|4|5|6
66	11;1;2	11;1;mix|1|12|15|2|31|4|5|6
9	11;1;31	11;1;mix|1|12|15|2|31|4|5|6
16	11;1;31	11;1;mix|1|12|15|2|31|4|5|6
53	11;1;31	11;1;mix|1|12|15|2|31|4|5|6
55	11;1;31	11;1;mix|1|12|15|2|31|4|5|6
56	11;1;31	11;1;mix|1|12|15|2|31|4|5|6
0	11;1;4	11;1;mix|1|12|15|2|31|4|5|6
7	11;1;5	11;1;mix|1|12|15|2|31|4|5|6
18	11;1;5	11;1;mix|1|12|15|2|31|4|5|6
63	11;1;5	11;1;mix|1|12|15|2|31|4|5|6
35	11;1;6	11;1;mix|1|12|15|2|31|4|5|6
14	11;10;3	11;10;3
12	11;2;4	11;2;4
85	11;3;6	11;3;6
34	11;3;1	11;3;mix|1|8|p50|p58
79	11;3;8	11;3;mix|1|8|p50|p58
50	11;3;p50	11;3;mix|1|8|p50|p58
58	11;3;p58	11;3;mix|1|8|p50|p58
40	11;3;p40	11;3;p40
65	11;3;p65	11;3;p65
69	11;3;p69	11;3;p69
49	11;6	11;6
3	11;8;7	11;8;7
70	11;8;1	11;8;mix|1|p42|p57|p60
42	11;8;p42	11;8;mix|1|p42|p57|p60
57	11;8;p57	11;8;mix|1|p42|p57|p60
60	11;8;p60	11;8;mix|1|p42|p57|p60
67	11;8;p67	11;8;p67
71	11;8;p71	11;8;p71
8	11;8;p8	11;8;p8
4	11;9;2;1;p4	11;9;2;1;p4
44	11;9;2;1;p44	11;9;2;1;p44
24	11;9;2;p24	11;9;2;p24
54	11;9;3;1;p54	11;9;3;1;p54
6	11;9;3;1;p6	11;9;3;1;p6
64	11;9;3;1;p64	11;9;3;1;p64
83	11;9;3;1;p83	11;9;3;1;p83
32	11;9;3;3;p32	11;9;3;3;mix|p32|p61
61	11;9;3;3;p61	11;9;3;3;mix|p32|p61
11	11;9;3;3;p11	11;9;3;3;p11
13	11;9;3;3;p13	11;9;3;3;p13
31	11;9;3;3;p31	11;9;3;3;p31
73	11;9;3;3;p73	11;9;3;3;p73
78	11;9;3;3;p78	11;9;3;3;p78
22	11;9;4;2;p22	11;9;4;2;p22
23	11;9;4;2;p23	11;9;4;2;p23
45	11;9;4;2;p45	11;9;4;2;p45
77	11;9;4;2;p77	11;9;4;2;p77
5	11;9;4;5	11;9;4;5
1	11;9;4;9	11;9;4;9
27	11;9;4;9	11;9;4;9
