19	3;2;3	3;2;3
12	3;3;p12	3;3;p12
21	3;3;p21	3;3;p21
24	3;3;p24	3;3;p24
18	3;3;p18	3;4;3;p18
26	3;3;p26	3;4;3;p26
1	3;5;1	3;5;mix|1|p28|p4|p5
14	3;5;1	3;5;mix|1|p28|p4|p5
28	3;5;p28	3;5;mix|1|p28|p4|p5
4	3;5;p4	3;5;mix|1|p28|p4|p5
5	3;5;p5	3;5;mix|1|p28|p4|p5
10	3;5;p10	3;5;mix|p10|p9
9	3;5;p9	3;5;mix|p10|p9
11	3;5;p11	3;5;mix|p11|p2|p7
2	3;5;p2	3;5;mix|p11|p2|p7
7	3;5;p7	3;5;mix|p11|p2|p7
20	3;5;p20	3;5;p20
22	3;5;p22	3;5;p22
23	3;5;p23	3;5;p23
25	3;5;p25	3;5;p25
29	3;5;p29	3;5;p29
3	3;5;p3	3;5;p3
6	3;5;p6	3;5;p6
0	3;8;2	3;8;2
8	3;8;1	3;8;1
13	3;8;2	3;8;2
15	3;7	3;mix|7|99
27	3;7	3;mix|7|99
30	3;7	3;mix|7|99
16	3;99	3;mix|7|99
17	3;99	3;mix|7|99
