33	10;1;1;1	10;1;1;1
61	10;1;1;1	10;1;1;1
4	10;1;11	10;1;11
65	10;1;2	10;1;2
42	10;1;4;p42	10;1;4;mix|p42|p49|p28
49	10;1;4;p49	10;1;4;mix|p42|p49|p28
28	10;1;4;p28	10;1;4;mix|p42|p49|p28
1	10;1;4;p1	10;1;4;p1
22	10;1;4;p22	10;1;4;p22
43	10;1;4;p43	10;1;4;p43
62	10;1;4;p62	10;1;4;p62
64	10;1;5;p64	10;1;5;mix|p64|p68|p78|p46|p59
68	10;1;5;p68	10;1;5;mix|p64|p68|p78|p46|p59
78	10;1;5;p78	10;1;5;mix|p64|p68|p78|p46|p59
46	10;1;5;p46	10;1;5;mix|p64|p68|p78|p46|p59
59	10;1;5;p59	10;1;5;mix|p64|p68|p78|p46|p59
63	10;1;5;p63	10;1;5;p63
6	10;1;7	10;1;7
24	10;1;8;p24	10;1;8;p24
77	10;1;8;p77	10;1;8;p77
13	10;1;21	10;1;mix|21|3|10
17	10;1;3	10;1;mix|21|3|10
19	10;1;3	10;1;mix|21|3|10
39	10;1;3	10;1;mix|21|3|10
12	10;1;10	10;1;mix|21|3|10
15	10;1;10	10;1;mix|21|3|10
37	10;1;10	10;1;mix|21|3|10
45	10;1;10	10;1;mix|21|3|10
51	10;1;10	10;1;mix|21|3|10
72	10;1;6	10;1;mix|6|p57
57	10;1;p57	10;1;mix|6|p57
75	10;2;2	10;2;2
70	10;2;p70	10;2;p70
2	10;5;1;1	10;5;1;1
10	10;5;1;1	10;5;1;1
11	10;5;5	10;5;5
14	10;5;1;1	10;5;1;1
18	10;5;5	10;5;5
20	10;5;1;1	10;5;1;1
29	10;5;1;1	10;5;1;1
34	10;5;5	10;5;5
38	10;5;5	10;5;5
47	10;5;5	10;5;5
50	10;5;1;1	10;5;1;1
52	10;5;5	10;5;5
55	10;5;1;1	10;5;1;1
58	10;5;1;1	10;5;1;1
31	10;6;1	10;6;1
48	10;6;1	10;6;1
56	10;6;2;p56	10;6;2;mix|p56|p71|p3
71	10;6;2;p71	10;6;2;mix|p56|p71|p3
3	10;6;2;p3	10;6;2;mix|p56|p71|p3
26	10;6;2;p26	10;6;2;p26
8	10;6;2;p8	10;6;2;p8
21	10;6;3;p21	10;6;3;p21
41	10;6;3;p41	10;6;3;p41
66	10;6;3;p66	10;6;3;p66
74	10;6;3;p74	10;6;3;p74
23	10;7;p23	10;7;mix|p23|p30|p0
30	10;7;p30	10;7;mix|p23|p30|p0
0	10;7;p0	10;7;mix|p23|p30|p0
60	10;7;p60	10;7;mix|p60|p73|p7
73	10;7;p73	10;7;mix|p60|p73|p7
7	10;7;p7	10;7;mix|p60|p73|p7
16	10;7;p16	10;7;p16
36	10;7;p36	10;7;p36
54	10;7;p54	10;7;p54
67	10;7;p67	10;7;p67
44	10;8;1;p44	10;8;1;mix|p44|p5|p32|p53
5	10;8;1;p5	10;8;1;mix|p44|p5|p32|p53
32	10;8;1;p32	10;8;1;mix|p44|p5|p32|p53
53	10;8;1;p53	10;8;1;mix|p44|p5|p32|p53
35	10;8;1;p35	10;8;1;p35
25	10;8;2;p25	10;8;2;p25
27	10;8;2;p27	10;8;2;p27
40	10;8;2;p40	10;8;2;p40
69	10;8;2;p69	10;8;2;p69
76	10;8;2;p76	10;8;2;p76
9	10;8;2;p9	10;8;2;p9
