19	8;1;1;1;p19	8;1;1;1;p19
3	8;1;1;1;p3	8;1;1;1;p3
36	8;1;1;1;p36	8;1;1;1;p36
64	8;1;1;1;p64	8;1;1;1;p64
8	8;1;1;1;p8	8;1;1;1;p8
0	8;1;1;2;p0	8;1;1;2;p0
11	8;1;1;2;p11	8;1;1;2;p11
69	8;1;1;2;p69	8;1;1;2;p69
75	8;1;1;2;p75	8;1;1;2;p75
26	8;1;1;3;p26	8;1;1;3;mix|p26|p54
54	8;1;1;3;p54	8;1;1;3;mix|p26|p54
27	8;1;1;3;p27	8;1;1;3;p27
41	8;1;1;3;p41	8;1;1;3;p41
2	8;1;4;p2	8;1;4;mix|p2|p55|p73
55	8;1;4;p55	8;1;4;mix|p2|p55|p73
73	8;1;4;p73	8;1;4;mix|p2|p55|p73
23	8;1;4;p23	8;1;4;p23
5	8;1;4;p5	8;1;4;p5
76	8;1;4;p76	8;1;4;p76
32	8;1;5;p32	8;1;5;p32
37	8;1;5;p37	8;1;5;p37
46	8;1;5;p46	8;1;5;p46
50	8;1;5;p50	8;1;5;p50
81	8;1;5;p81	8;1;5;p81
4	8;1;6;p4	8;1;6;p4
7	8;1;6;p7	8;1;6;p7
77	8;1;6;p77	8;1;6;p77
78	8;1;6;p78	8;1;6;p78
24	8;1;8;p24	8;1;8;mix|p24|p63
63	8;1;8;p63	8;1;8;mix|p24|p63
30	8;1;8;p30	8;1;8;p30
40	8;1;9;p40	8;1;9;mix|p40|p43|p56
43	8;1;9;p43	8;1;9;mix|p40|p43|p56
56	8;1;9;p56	8;1;9;mix|p40|p43|p56
1	8;1;9;p1	8;1;9;p1
58	8;1;9;p58	8;1;9;p58
35	8;1;2	8;1;mix|2|3|7
72	8;1;2	8;1;mix|2|3|7
82	8;1;2	8;1;mix|2|3|7
14	8;1;3	8;1;mix|2|3|7
20	8;1;3	8;1;mix|2|3|7
38	8;1;3	8;1;mix|2|3|7
49	8;1;3	8;1;mix|2|3|7
57	8;1;3	8;1;mix|2|3|7
66	8;1;3	8;1;mix|2|3|7
80	8;1;3	8;1;mix|2|3|7
12	8;1;7	8;1;mix|2|3|7
59	8;1;7	8;1;mix|2|3|7
71	8;1;7	8;1;mix|2|3|7
79	8;1;7	8;1;mix|2|3|7
15	8;2;10;p15	8;2;10;mix|p15|p68
68	8;2;10;p68	8;2;10;mix|p15|p68
13	8;2;10;p13	8;2;10;p13
18	8;2;10;p18	8;2;10;p18
44	8;2;10;p44	8;2;10;p44
62	8;2;10;p62	8;2;10;p62
31	8;2;11;p31	8;2;11;mix|p31|p42|p45|p6|p61|p65
42	8;2;11;p42	8;2;11;mix|p31|p42|p45|p6|p61|p65
45	8;2;11;p45	8;2;11;mix|p31|p42|p45|p6|p61|p65
6	8;2;11;p6	8;2;11;mix|p31|p42|p45|p6|p61|p65
61	8;2;11;p61	8;2;11;mix|p31|p42|p45|p6|p61|p65
65	8;2;11;p65	8;2;11;mix|p31|p42|p45|p6|p61|p65
39	8;2;11;p39	8;2;11;p39
21	8;2;4;p21	8;2;4;p21
22	8;2;4;p22	8;2;4;p22
60	8;2;4;p60	8;2;4;p60
67	8;2;4;p67	8;2;4;p67
74	8;2;4;p74	8;2;4;p74
10	8;2;9;p10	8;2;9;mix|p10|p34
34	8;2;9;p34	8;2;9;mix|p10|p34
16	8;2;9;p16	8;2;9;p16
17	8;2;9;p17	8;2;9;p17
48	8;2;9;p48	8;2;9;p48
53	8;2;9;p53	8;2;9;p53
9	8;2;99	8;2;99
25	8;3;p25	8;3;mix|p25|p47|p51
47	8;3;p47	8;3;mix|p25|p47|p51
51	8;3;p51	8;3;mix|p25|p47|p51
28	8;3;p28	8;3;mix|p28|p29|p52
29	8;3;p29	8;3;mix|p28|p29|p52
52	8;3;p52	8;3;mix|p28|p29|p52
33	8;3;p33	8;3;p33
70	8;3;p70	8;3;p70
