384	29;1;1;p384	29;1;1;p384
718	29;1;1;p718	29;1;1;p718
117	29;1;17;p117	29;1;17;p117
139	29;1;17;p139	29;1;17;p139
385	29;1;20;p385	29;1;20;p385
81	29;1;20;p81	29;1;20;p81
190	29;1;4;p190	29;1;4;p190
57	29;1;4;p57	29;1;4;p57
20	29;1;5;p20	29;1;5;mix|p20|p399
399	29;1;5;p399	29;1;5;mix|p20|p399
690	29;1;5;p690	29;1;5;p690
147	29;1;9;p147	29;1;9;p147
154	29;1;9;p154	29;1;9;p154
179	29;1;10	29;1;mix|10|11|12|14|16|19|21|3|7|p233|p630|p653
632	29;1;10	29;1;mix|10|11|12|14|16|19|21|3|7|p233|p630|p653
152	29;1;11	29;1;mix|10|11|12|14|16|19|21|3|7|p233|p630|p653
365	29;1;12	29;1;mix|10|11|12|14|16|19|21|3|7|p233|p630|p653
377	29;1;12	29;1;mix|10|11|12|14|16|19|21|3|7|p233|p630|p653
5	29;1;14	29;1;mix|10|11|12|14|16|19|21|3|7|p233|p630|p653
202	29;1;14	29;1;mix|10|11|12|14|16|19|21|3|7|p233|p630|p653
576	29;1;14	29;1;mix|10|11|12|14|16|19|21|3|7|p233|p630|p653
93	29;1;16	29;1;mix|10|11|12|14|16|19|21|3|7|p233|p630|p653
404	29;1;16	29;1;mix|10|11|12|14|16|19|21|3|7|p233|p630|p653
340	29;1;19	29;1;mix|10|11|12|14|16|19|21|3|7|p233|p630|p653
499	29;1;19	29;1;mix|10|11|12|14|16|19|21|3|7|p233|p630|p653
715	29;1;21	29;1;mix|10|11|12|14|16|19|21|3|7|p233|p630|p653
729	29;1;21	29;1;mix|10|11|12|14|16|19|21|3|7|p233|p630|p653
103	29;1;3	29;1;mix|10|11|12|14|16|19|21|3|7|p233|p630|p653
352	29;1;3	29;1;mix|10|11|12|14|16|19|21|3|7|p233|p630|p653
274	29;1;7	29;1;mix|10|11|12|14|16|19|21|3|7|p233|p630|p653
320	29;1;7	29;1;mix|10|11|12|14|16|19|21|3|7|p233|p630|p653
233	29;1;p233	29;1;mix|10|11|12|14|16|19|21|3|7|p233|p630|p653
630	29;1;p630	29;1;mix|10|11|12|14|16|19|21|3|7|p233|p630|p653
653	29;1;p653	29;1;mix|10|11|12|14|16|19|21|3|7|p233|p630|p653
80	29;1;22	29;1;mix|22|40
662	29;1;22	29;1;mix|22|40
163	29;1;40	29;1;mix|22|40
284	29;1;40	29;1;mix|22|40
73	29;1;6	29;1;mix|6|p357
712	29;1;6	29;1;mix|6|p357
357	29;1;p357	29;1;mix|6|p357
49	29;2;1;1;1;1;19	29;2;1;1;1;1;19
105	29;2;1;1;1;1;20	29;2;1;1;1;1;20
394	29;2;1;1;1;1;6	29;2;1;1;1;1;6
362	29;2;1;1;1;1;10	29;2;1;1;1;1;mix|10|11|13|14|15|17|18|2|4|5|530|8|83|9
39	29;2;1;1;1;1;11	29;2;1;1;1;1;mix|10|11|13|14|15|17|18|2|4|5|530|8|83|9
41	29;2;1;1;1;1;13	29;2;1;1;1;1;mix|10|11|13|14|15|17|18|2|4|5|530|8|83|9
321	29;2;1;1;1;1;13	29;2;1;1;1;1;mix|10|11|13|14|15|17|18|2|4|5|530|8|83|9
166	29;2;1;1;1;1;14	29;2;1;1;1;1;mix|10|11|13|14|15|17|18|2|4|5|530|8|83|9
224	29;2;1;1;1;1;15	29;2;1;1;1;1;mix|10|11|13|14|15|17|18|2|4|5|530|8|83|9
4	29;2;1;1;1;1;17	29;2;1;1;1;1;mix|10|11|13|14|15|17|18|2|4|5|530|8|83|9
159	29;2;1;1;1;1;18	29;2;1;1;1;1;mix|10|11|13|14|15|17|18|2|4|5|530|8|83|9
12	29;2;1;1;1;1;2	29;2;1;1;1;1;mix|10|11|13|14|15|17|18|2|4|5|530|8|83|9
27	29;2;1;1;1;1;4	29;2;1;1;1;1;mix|10|11|13|14|15|17|18|2|4|5|530|8|83|9
0	29;2;1;1;1;1;5	29;2;1;1;1;1;mix|10|11|13|14|15|17|18|2|4|5|530|8|83|9
60	29;2;1;1;1;1;530	29;2;1;1;1;1;mix|10|11|13|14|15|17|18|2|4|5|530|8|83|9
29	29;2;1;1;1;1;8	29;2;1;1;1;1;mix|10|11|13|14|15|17|18|2|4|5|530|8|83|9
398	29;2;1;1;1;1;83	29;2;1;1;1;1;mix|10|11|13|14|15|17|18|2|4|5|530|8|83|9
195	29;2;1;1;1;1;9	29;2;1;1;1;1;mix|10|11|13|14|15|17|18|2|4|5|530|8|83|9
22	29;2;1;1;1;1;3	29;2;1;1;1;1;mix|3|7
456	29;2;1;1;1;1;7	29;2;1;1;1;1;mix|3|7
111	29;2;1;1;1;2;19;p111	29;2;1;1;1;2;19;p111
438	29;2;1;1;1;2;19;p438	29;2;1;1;1;2;19;p438
71	29;2;1;1;1;2;19;p71	29;2;1;1;1;2;19;p71
510	29;2;1;1;1;2;23	29;2;1;1;1;2;23
219	29;2;1;1;1;2;13	29;2;1;1;1;2;mix|13|18|24
7	29;2;1;1;1;2;18	29;2;1;1;1;2;mix|13|18|24
223	29;2;1;1;1;2;24	29;2;1;1;1;2;mix|13|18|24
328	29;2;1;1;1;2;24	29;2;1;1;1;2;mix|13|18|24
128	29;2;1;1;1;2;1	29;2;1;1;1;2;mix|1|10|11|12|14|15|16|17|2|20|21|22|27|29|3|31|4|5|6|9
325	29;2;1;1;1;2;1	29;2;1;1;1;2;mix|1|10|11|12|14|15|16|17|2|20|21|22|27|29|3|31|4|5|6|9
45	29;2;1;1;1;2;10	29;2;1;1;1;2;mix|1|10|11|12|14|15|16|17|2|20|21|22|27|29|3|31|4|5|6|9
56	29;2;1;1;1;2;11	29;2;1;1;1;2;mix|1|10|11|12|14|15|16|17|2|20|21|22|27|29|3|31|4|5|6|9
517	29;2;1;1;1;2;12	29;2;1;1;1;2;mix|1|10|11|12|14|15|16|17|2|20|21|22|27|29|3|31|4|5|6|9
84	29;2;1;1;1;2;14	29;2;1;1;1;2;mix|1|10|11|12|14|15|16|17|2|20|21|22|27|29|3|31|4|5|6|9
62	29;2;1;1;1;2;15	29;2;1;1;1;2;mix|1|10|11|12|14|15|16|17|2|20|21|22|27|29|3|31|4|5|6|9
173	29;2;1;1;1;2;16	29;2;1;1;1;2;mix|1|10|11|12|14|15|16|17|2|20|21|22|27|29|3|31|4|5|6|9
513	29;2;1;1;1;2;16	29;2;1;1;1;2;mix|1|10|11|12|14|15|16|17|2|20|21|22|27|29|3|31|4|5|6|9
3	29;2;1;1;1;2;17	29;2;1;1;1;2;mix|1|10|11|12|14|15|16|17|2|20|21|22|27|29|3|31|4|5|6|9
422	29;2;1;1;1;2;2	29;2;1;1;1;2;mix|1|10|11|12|14|15|16|17|2|20|21|22|27|29|3|31|4|5|6|9
78	29;2;1;1;1;2;20	29;2;1;1;1;2;mix|1|10|11|12|14|15|16|17|2|20|21|22|27|29|3|31|4|5|6|9
35	29;2;1;1;1;2;21	29;2;1;1;1;2;mix|1|10|11|12|14|15|16|17|2|20|21|22|27|29|3|31|4|5|6|9
10	29;2;1;1;1;2;22	29;2;1;1;1;2;mix|1|10|11|12|14|15|16|17|2|20|21|22|27|29|3|31|4|5|6|9
142	29;2;1;1;1;2;27	29;2;1;1;1;2;mix|1|10|11|12|14|15|16|17|2|20|21|22|27|29|3|31|4|5|6|9
172	29;2;1;1;1;2;29	29;2;1;1;1;2;mix|1|10|11|12|14|15|16|17|2|20|21|22|27|29|3|31|4|5|6|9
1	29;2;1;1;1;2;3	29;2;1;1;1;2;mix|1|10|11|12|14|15|16|17|2|20|21|22|27|29|3|31|4|5|6|9
138	29;2;1;1;1;2;31	29;2;1;1;1;2;mix|1|10|11|12|14|15|16|17|2|20|21|22|27|29|3|31|4|5|6|9
268	29;2;1;1;1;2;4	29;2;1;1;1;2;mix|1|10|11|12|14|15|16|17|2|20|21|22|27|29|3|31|4|5|6|9
17	29;2;1;1;1;2;5	29;2;1;1;1;2;mix|1|10|11|12|14|15|16|17|2|20|21|22|27|29|3|31|4|5|6|9
18	29;2;1;1;1;2;6	29;2;1;1;1;2;mix|1|10|11|12|14|15|16|17|2|20|21|22|27|29|3|31|4|5|6|9
8	29;2;1;1;1;2;9	29;2;1;1;1;2;mix|1|10|11|12|14|15|16|17|2|20|21|22|27|29|3|31|4|5|6|9
538	29;2;1;1;2;1;14	29;2;1;1;2;1;14
33	29;2;1;1;3;1;1	29;2;1;1;3;1;1
177	29;2;1;1;3;1;16	29;2;1;1;3;1;16
695	29;2;1;1;3;2;14	29;2;1;1;3;2;14
178	29;2;1;1;3;2;35	29;2;1;1;3;2;35
19	29;2;1;1;3;2;510	29;2;1;1;3;2;510
601	29;2;1;1;3;2;510	29;2;1;1;3;2;510
412	29;2;1;2;1;14;p412	29;2;1;2;1;14;mix|p412|p85|p95
85	29;2;1;2;1;14;p85	29;2;1;2;1;14;mix|p412|p85|p95
95	29;2;1;2;1;14;p95	29;2;1;2;1;14;mix|p412|p85|p95
99	29;2;1;2;1;14;p99	29;2;1;2;1;14;p99
216	29;2;1;2;1;515;p216	29;2;1;2;1;515;mix|p216|p578
578	29;2;1;2;1;515;p578	29;2;1;2;1;515;mix|p216|p578
432	29;2;1;2;1;515;p432	29;2;1;2;1;515;p432
583	29;2;1;2;1;515;p583	29;2;1;2;1;515;p583
588	29;2;1;2;1;515;p588	29;2;1;2;1;515;p588
182	29;2;1;2;1;6;p182	29;2;1;2;1;6;mix|p182|p236
236	29;2;1;2;1;6;p236	29;2;1;2;1;6;mix|p182|p236
258	29;2;1;2;1;6;p258	29;2;1;2;1;6;p258
454	29;2;1;2;1;6;p454	29;2;1;2;1;6;p454
324	29;2;1;2;1;10	29;2;1;2;1;mix|10|12|17|18|19|20|23|24|26|27|28|30|31|4|53|7|8|9
460	29;2;1;2;1;10	29;2;1;2;1;mix|10|12|17|18|19|20|23|24|26|27|28|30|31|4|53|7|8|9
615	29;2;1;2;1;10	29;2;1;2;1;mix|10|12|17|18|19|20|23|24|26|27|28|30|31|4|53|7|8|9
305	29;2;1;2;1;12	29;2;1;2;1;mix|10|12|17|18|19|20|23|24|26|27|28|30|31|4|53|7|8|9
310	29;2;1;2;1;12	29;2;1;2;1;mix|10|12|17|18|19|20|23|24|26|27|28|30|31|4|53|7|8|9
561	29;2;1;2;1;12	29;2;1;2;1;mix|10|12|17|18|19|20|23|24|26|27|28|30|31|4|53|7|8|9
551	29;2;1;2;1;17	29;2;1;2;1;mix|10|12|17|18|19|20|23|24|26|27|28|30|31|4|53|7|8|9
435	29;2;1;2;1;18	29;2;1;2;1;mix|10|12|17|18|19|20|23|24|26|27|28|30|31|4|53|7|8|9
141	29;2;1;2;1;19	29;2;1;2;1;mix|10|12|17|18|19|20|23|24|26|27|28|30|31|4|53|7|8|9
231	29;2;1;2;1;19	29;2;1;2;1;mix|10|12|17|18|19|20|23|24|26|27|28|30|31|4|53|7|8|9
447	29;2;1;2;1;19	29;2;1;2;1;mix|10|12|17|18|19|20|23|24|26|27|28|30|31|4|53|7|8|9
533	29;2;1;2;1;19	29;2;1;2;1;mix|10|12|17|18|19|20|23|24|26|27|28|30|31|4|53|7|8|9
489	29;2;1;2;1;20	29;2;1;2;1;mix|10|12|17|18|19|20|23|24|26|27|28|30|31|4|53|7|8|9
536	29;2;1;2;1;20	29;2;1;2;1;mix|10|12|17|18|19|20|23|24|26|27|28|30|31|4|53|7|8|9
416	29;2;1;2;1;23	29;2;1;2;1;mix|10|12|17|18|19|20|23|24|26|27|28|30|31|4|53|7|8|9
183	29;2;1;2;1;24	29;2;1;2;1;mix|10|12|17|18|19|20|23|24|26|27|28|30|31|4|53|7|8|9
356	29;2;1;2;1;24	29;2;1;2;1;mix|10|12|17|18|19|20|23|24|26|27|28|30|31|4|53|7|8|9
491	29;2;1;2;1;24	29;2;1;2;1;mix|10|12|17|18|19|20|23|24|26|27|28|30|31|4|53|7|8|9
509	29;2;1;2;1;26	29;2;1;2;1;mix|10|12|17|18|19|20|23|24|26|27|28|30|31|4|53|7|8|9
481	29;2;1;2;1;27	29;2;1;2;1;mix|10|12|17|18|19|20|23|24|26|27|28|30|31|4|53|7|8|9
577	29;2;1;2;1;27	29;2;1;2;1;mix|10|12|17|18|19|20|23|24|26|27|28|30|31|4|53|7|8|9
150	29;2;1;2;1;28	29;2;1;2;1;mix|10|12|17|18|19|20|23|24|26|27|28|30|31|4|53|7|8|9
530	29;2;1;2;1;28	29;2;1;2;1;mix|10|12|17|18|19|20|23|24|26|27|28|30|31|4|53|7|8|9
572	29;2;1;2;1;30	29;2;1;2;1;mix|10|12|17|18|19|20|23|24|26|27|28|30|31|4|53|7|8|9
254	29;2;1;2;1;31	29;2;1;2;1;mix|10|12|17|18|19|20|23|24|26|27|28|30|31|4|53|7|8|9
436	29;2;1;2;1;31	29;2;1;2;1;mix|10|12|17|18|19|20|23|24|26|27|28|30|31|4|53|7|8|9
452	29;2;1;2;1;4	29;2;1;2;1;mix|10|12|17|18|19|20|23|24|26|27|28|30|31|4|53|7|8|9
532	29;2;1;2;1;4	29;2;1;2;1;mix|10|12|17|18|19|20|23|24|26|27|28|30|31|4|53|7|8|9
43	29;2;1;2;1;53	29;2;1;2;1;mix|10|12|17|18|19|20|23|24|26|27|28|30|31|4|53|7|8|9
201	29;2;1;2;1;53	29;2;1;2;1;mix|10|12|17|18|19|20|23|24|26|27|28|30|31|4|53|7|8|9
472	29;2;1;2;1;53	29;2;1;2;1;mix|10|12|17|18|19|20|23|24|26|27|28|30|31|4|53|7|8|9
23	29;2;1;2;1;7	29;2;1;2;1;mix|10|12|17|18|19|20|23|24|26|27|28|30|31|4|53|7|8|9
261	29;2;1;2;1;7	29;2;1;2;1;mix|10|12|17|18|19|20|23|24|26|27|28|30|31|4|53|7|8|9
296	29;2;1;2;1;7	29;2;1;2;1;mix|10|12|17|18|19|20|23|24|26|27|28|30|31|4|53|7|8|9
565	29;2;1;2;1;7	29;2;1;2;1;mix|10|12|17|18|19|20|23|24|26|27|28|30|31|4|53|7|8|9
186	29;2;1;2;1;8	29;2;1;2;1;mix|10|12|17|18|19|20|23|24|26|27|28|30|31|4|53|7|8|9
549	29;2;1;2;1;8	29;2;1;2;1;mix|10|12|17|18|19|20|23|24|26|27|28|30|31|4|53|7|8|9
391	29;2;1;2;1;9	29;2;1;2;1;mix|10|12|17|18|19|20|23|24|26|27|28|30|31|4|53|7|8|9
492	29;2;1;2;1;9	29;2;1;2;1;mix|10|12|17|18|19|20|23|24|26|27|28|30|31|4|53|7|8|9
539	29;2;1;2;1;9	29;2;1;2;1;mix|10|12|17|18|19|20|23|24|26|27|28|30|31|4|53|7|8|9
618	29;2;1;2;1;9	29;2;1;2;1;mix|10|12|17|18|19|20|23|24|26|27|28|30|31|4|53|7|8|9
55	29;2;1;2;1;11	29;2;1;2;1;mix|11|13|15|16|2|25|3|5
83	29;2;1;2;1;11	29;2;1;2;1;mix|11|13|15|16|2|25|3|5
485	29;2;1;2;1;13	29;2;1;2;1;mix|11|13|15|16|2|25|3|5
437	29;2;1;2;1;15	29;2;1;2;1;mix|11|13|15|16|2|25|3|5
503	29;2;1;2;1;15	29;2;1;2;1;mix|11|13|15|16|2|25|3|5
86	29;2;1;2;1;16	29;2;1;2;1;mix|11|13|15|16|2|25|3|5
563	29;2;1;2;1;16	29;2;1;2;1;mix|11|13|15|16|2|25|3|5
581	29;2;1;2;1;16	29;2;1;2;1;mix|11|13|15|16|2|25|3|5
591	29;2;1;2;1;16	29;2;1;2;1;mix|11|13|15|16|2|25|3|5
175	29;2;1;2;1;2	29;2;1;2;1;mix|11|13|15|16|2|25|3|5
457	29;2;1;2;1;2	29;2;1;2;1;mix|11|13|15|16|2|25|3|5
471	29;2;1;2;1;2	29;2;1;2;1;mix|11|13|15|16|2|25|3|5
639	29;2;1;2;1;2	29;2;1;2;1;mix|11|13|15|16|2|25|3|5
333	29;2;1;2;1;25	29;2;1;2;1;mix|11|13|15|16|2|25|3|5
407	29;2;1;2;1;25	29;2;1;2;1;mix|11|13|15|16|2|25|3|5
511	29;2;1;2;1;25	29;2;1;2;1;mix|11|13|15|16|2|25|3|5
564	29;2;1;2;1;25	29;2;1;2;1;mix|11|13|15|16|2|25|3|5
670	29;2;1;2;1;25	29;2;1;2;1;mix|11|13|15|16|2|25|3|5
46	29;2;1;2;1;3	29;2;1;2;1;mix|11|13|15|16|2|25|3|5
53	29;2;1;2;1;3	29;2;1;2;1;mix|11|13|15|16|2|25|3|5
446	29;2;1;2;1;3	29;2;1;2;1;mix|11|13|15|16|2|25|3|5
467	29;2;1;2;1;3	29;2;1;2;1;mix|11|13|15|16|2|25|3|5
585	29;2;1;2;1;3	29;2;1;2;1;mix|11|13|15|16|2|25|3|5
640	29;2;1;2;1;3	29;2;1;2;1;mix|11|13|15|16|2|25|3|5
281	29;2;1;2;1;5	29;2;1;2;1;mix|11|13|15|16|2|25|3|5
369	29;2;1;2;1;5	29;2;1;2;1;mix|11|13|15|16|2|25|3|5
470	29;2;1;2;1;5	29;2;1;2;1;mix|11|13|15|16|2|25|3|5
441	29;2;1;2;2;12;p441	29;2;1;2;2;12;mix|p441|p465
465	29;2;1;2;2;12;p465	29;2;1;2;2;12;mix|p441|p465
204	29;2;1;2;2;12;p204	29;2;1;2;2;12;p204
598	29;2;1;2;2;36	29;2;1;2;2;36
299	29;2;1;2;2;518;p299	29;2;1;2;2;518;p299
443	29;2;1;2;2;518;p443	29;2;1;2;2;518;p443
34	29;2;1;2;2;57;p34	29;2;1;2;2;57;mix|p34|p419|p420
419	29;2;1;2;2;57;p419	29;2;1;2;2;57;mix|p34|p419|p420
420	29;2;1;2;2;57;p420	29;2;1;2;2;57;mix|p34|p419|p420
31	29;2;1;2;2;57;p31	29;2;1;2;2;57;p31
558	29;2;1;2;2;57;p558	29;2;1;2;2;57;p558
336	29;2;1;2;2;7;p336	29;2;1;2;2;7;mix|p336|p482|p560|p580|p647|p91
482	29;2;1;2;2;7;p482	29;2;1;2;2;7;mix|p336|p482|p560|p580|p647|p91
560	29;2;1;2;2;7;p560	29;2;1;2;2;7;mix|p336|p482|p560|p580|p647|p91
580	29;2;1;2;2;7;p580	29;2;1;2;2;7;mix|p336|p482|p560|p580|p647|p91
647	29;2;1;2;2;7;p647	29;2;1;2;2;7;mix|p336|p482|p560|p580|p647|p91
91	29;2;1;2;2;7;p91	29;2;1;2;2;7;mix|p336|p482|p560|p580|p647|p91
566	29;2;1;2;2;7;p566	29;2;1;2;2;7;mix|p566|p657
657	29;2;1;2;2;7;p657	29;2;1;2;2;7;mix|p566|p657
317	29;2;1;2;2;80;p317	29;2;1;2;2;80;mix|p317|p408|p590|p689
408	29;2;1;2;2;80;p408	29;2;1;2;2;80;mix|p317|p408|p590|p689
590	29;2;1;2;2;80;p590	29;2;1;2;2;80;mix|p317|p408|p590|p689
689	29;2;1;2;2;80;p689	29;2;1;2;2;80;mix|p317|p408|p590|p689
599	29;2;1;2;2;80;p599	29;2;1;2;2;80;p599
401	29;2;1;2;2;10	29;2;1;2;2;mix|10|14
542	29;2;1;2;2;10	29;2;1;2;2;mix|10|14
557	29;2;1;2;2;10	29;2;1;2;2;mix|10|14
738	29;2;1;2;2;10	29;2;1;2;2;mix|10|14
11	29;2;1;2;2;14	29;2;1;2;2;mix|10|14
21	29;2;1;2;2;14	29;2;1;2;2;mix|10|14
488	29;2;1;2;2;14	29;2;1;2;2;mix|10|14
9	29;2;1;2;2;1	29;2;1;2;2;mix|1|13|141|15|16|17|18|19|21|22|23|24|26|27|28|3|30|32|34|5|510|513|523|527|535|537|6|8|81|82|83|9
238	29;2;1;2;2;13	29;2;1;2;2;mix|1|13|141|15|16|17|18|19|21|22|23|24|26|27|28|3|30|32|34|5|510|513|523|527|535|537|6|8|81|82|83|9
283	29;2;1;2;2;13	29;2;1;2;2;mix|1|13|141|15|16|17|18|19|21|22|23|24|26|27|28|3|30|32|34|5|510|513|523|527|535|537|6|8|81|82|83|9
573	29;2;1;2;2;13	29;2;1;2;2;mix|1|13|141|15|16|17|18|19|21|22|23|24|26|27|28|3|30|32|34|5|510|513|523|527|535|537|6|8|81|82|83|9
586	29;2;1;2;2;13	29;2;1;2;2;mix|1|13|141|15|16|17|18|19|21|22|23|24|26|27|28|3|30|32|34|5|510|513|523|527|535|537|6|8|81|82|83|9
682	29;2;1;2;2;13	29;2;1;2;2;mix|1|13|141|15|16|17|18|19|21|22|23|24|26|27|28|3|30|32|34|5|510|513|523|527|535|537|6|8|81|82|83|9
289	29;2;1;2;2;141	29;2;1;2;2;mix|1|13|141|15|16|17|18|19|21|22|23|24|26|27|28|3|30|32|34|5|510|513|523|527|535|537|6|8|81|82|83|9
323	29;2;1;2;2;141	29;2;1;2;2;mix|1|13|141|15|16|17|18|19|21|22|23|24|26|27|28|3|30|32|34|5|510|513|523|527|535|537|6|8|81|82|83|9
414	29;2;1;2;2;141	29;2;1;2;2;mix|1|13|141|15|16|17|18|19|21|22|23|24|26|27|28|3|30|32|34|5|510|513|523|527|535|537|6|8|81|82|83|9
461	29;2;1;2;2;15	29;2;1;2;2;mix|1|13|141|15|16|17|18|19|21|22|23|24|26|27|28|3|30|32|34|5|510|513|523|527|535|537|6|8|81|82|83|9
429	29;2;1;2;2;16	29;2;1;2;2;mix|1|13|141|15|16|17|18|19|21|22|23|24|26|27|28|3|30|32|34|5|510|513|523|527|535|537|6|8|81|82|83|9
439	29;2;1;2;2;17	29;2;1;2;2;mix|1|13|141|15|16|17|18|19|21|22|23|24|26|27|28|3|30|32|34|5|510|513|523|527|535|537|6|8|81|82|83|9
562	29;2;1;2;2;17	29;2;1;2;2;mix|1|13|141|15|16|17|18|19|21|22|23|24|26|27|28|3|30|32|34|5|510|513|523|527|535|537|6|8|81|82|83|9
116	29;2;1;2;2;18	29;2;1;2;2;mix|1|13|141|15|16|17|18|19|21|22|23|24|26|27|28|3|30|32|34|5|510|513|523|527|535|537|6|8|81|82|83|9
479	29;2;1;2;2;18	29;2;1;2;2;mix|1|13|141|15|16|17|18|19|21|22|23|24|26|27|28|3|30|32|34|5|510|513|523|527|535|537|6|8|81|82|83|9
207	29;2;1;2;2;19	29;2;1;2;2;mix|1|13|141|15|16|17|18|19|21|22|23|24|26|27|28|3|30|32|34|5|510|513|523|527|535|537|6|8|81|82|83|9
570	29;2;1;2;2;19	29;2;1;2;2;mix|1|13|141|15|16|17|18|19|21|22|23|24|26|27|28|3|30|32|34|5|510|513|523|527|535|537|6|8|81|82|83|9
614	29;2;1;2;2;19	29;2;1;2;2;mix|1|13|141|15|16|17|18|19|21|22|23|24|26|27|28|3|30|32|34|5|510|513|523|527|535|537|6|8|81|82|83|9
707	29;2;1;2;2;19	29;2;1;2;2;mix|1|13|141|15|16|17|18|19|21|22|23|24|26|27|28|3|30|32|34|5|510|513|523|527|535|537|6|8|81|82|83|9
490	29;2;1;2;2;21	29;2;1;2;2;mix|1|13|141|15|16|17|18|19|21|22|23|24|26|27|28|3|30|32|34|5|510|513|523|527|535|537|6|8|81|82|83|9
90	29;2;1;2;2;22	29;2;1;2;2;mix|1|13|141|15|16|17|18|19|21|22|23|24|26|27|28|3|30|32|34|5|510|513|523|527|535|537|6|8|81|82|83|9
392	29;2;1;2;2;22	29;2;1;2;2;mix|1|13|141|15|16|17|18|19|21|22|23|24|26|27|28|3|30|32|34|5|510|513|523|527|535|537|6|8|81|82|83|9
468	29;2;1;2;2;22	29;2;1;2;2;mix|1|13|141|15|16|17|18|19|21|22|23|24|26|27|28|3|30|32|34|5|510|513|523|527|535|537|6|8|81|82|83|9
444	29;2;1;2;2;23	29;2;1;2;2;mix|1|13|141|15|16|17|18|19|21|22|23|24|26|27|28|3|30|32|34|5|510|513|523|527|535|537|6|8|81|82|83|9
52	29;2;1;2;2;24	29;2;1;2;2;mix|1|13|141|15|16|17|18|19|21|22|23|24|26|27|28|3|30|32|34|5|510|513|523|527|535|537|6|8|81|82|83|9
528	29;2;1;2;2;24	29;2;1;2;2;mix|1|13|141|15|16|17|18|19|21|22|23|24|26|27|28|3|30|32|34|5|510|513|523|527|535|537|6|8|81|82|83|9
32	29;2;1;2;2;26	29;2;1;2;2;mix|1|13|141|15|16|17|18|19|21|22|23|24|26|27|28|3|30|32|34|5|510|513|523|527|535|537|6|8|81|82|83|9
26	29;2;1;2;2;27	29;2;1;2;2;mix|1|13|141|15|16|17|18|19|21|22|23|24|26|27|28|3|30|32|34|5|510|513|523|527|535|537|6|8|81|82|83|9
390	29;2;1;2;2;27	29;2;1;2;2;mix|1|13|141|15|16|17|18|19|21|22|23|24|26|27|28|3|30|32|34|5|510|513|523|527|535|537|6|8|81|82|83|9
487	29;2;1;2;2;27	29;2;1;2;2;mix|1|13|141|15|16|17|18|19|21|22|23|24|26|27|28|3|30|32|34|5|510|513|523|527|535|537|6|8|81|82|83|9
593	29;2;1;2;2;27	29;2;1;2;2;mix|1|13|141|15|16|17|18|19|21|22|23|24|26|27|28|3|30|32|34|5|510|513|523|527|535|537|6|8|81|82|83|9
315	29;2;1;2;2;28	29;2;1;2;2;mix|1|13|141|15|16|17|18|19|21|22|23|24|26|27|28|3|30|32|34|5|510|513|523|527|535|537|6|8|81|82|83|9
319	29;2;1;2;2;28	29;2;1;2;2;mix|1|13|141|15|16|17|18|19|21|22|23|24|26|27|28|3|30|32|34|5|510|513|523|527|535|537|6|8|81|82|83|9
237	29;2;1;2;2;3	29;2;1;2;2;mix|1|13|141|15|16|17|18|19|21|22|23|24|26|27|28|3|30|32|34|5|510|513|523|527|535|537|6|8|81|82|83|9
292	29;2;1;2;2;3	29;2;1;2;2;mix|1|13|141|15|16|17|18|19|21|22|23|24|26|27|28|3|30|32|34|5|510|513|523|527|535|537|6|8|81|82|83|9
552	29;2;1;2;2;3	29;2;1;2;2;mix|1|13|141|15|16|17|18|19|21|22|23|24|26|27|28|3|30|32|34|5|510|513|523|527|535|537|6|8|81|82|83|9
717	29;2;1;2;2;3	29;2;1;2;2;mix|1|13|141|15|16|17|18|19|21|22|23|24|26|27|28|3|30|32|34|5|510|513|523|527|535|537|6|8|81|82|83|9
483	29;2;1;2;2;30	29;2;1;2;2;mix|1|13|141|15|16|17|18|19|21|22|23|24|26|27|28|3|30|32|34|5|510|513|523|527|535|537|6|8|81|82|83|9
393	29;2;1;2;2;32	29;2;1;2;2;mix|1|13|141|15|16|17|18|19|21|22|23|24|26|27|28|3|30|32|34|5|510|513|523|527|535|537|6|8|81|82|83|9
476	29;2;1;2;2;32	29;2;1;2;2;mix|1|13|141|15|16|17|18|19|21|22|23|24|26|27|28|3|30|32|34|5|510|513|523|527|535|537|6|8|81|82|83|9
559	29;2;1;2;2;34	29;2;1;2;2;mix|1|13|141|15|16|17|18|19|21|22|23|24|26|27|28|3|30|32|34|5|510|513|523|527|535|537|6|8|81|82|83|9
582	29;2;1;2;2;34	29;2;1;2;2;mix|1|13|141|15|16|17|18|19|21|22|23|24|26|27|28|3|30|32|34|5|510|513|523|527|535|537|6|8|81|82|83|9
334	29;2;1;2;2;5	29;2;1;2;2;mix|1|13|141|15|16|17|18|19|21|22|23|24|26|27|28|3|30|32|34|5|510|513|523|527|535|537|6|8|81|82|83|9
374	29;2;1;2;2;5	29;2;1;2;2;mix|1|13|141|15|16|17|18|19|21|22|23|24|26|27|28|3|30|32|34|5|510|513|523|527|535|537|6|8|81|82|83|9
413	29;2;1;2;2;5	29;2;1;2;2;mix|1|13|141|15|16|17|18|19|21|22|23|24|26|27|28|3|30|32|34|5|510|513|523|527|535|537|6|8|81|82|83|9
477	29;2;1;2;2;5	29;2;1;2;2;mix|1|13|141|15|16|17|18|19|21|22|23|24|26|27|28|3|30|32|34|5|510|513|523|527|535|537|6|8|81|82|83|9
331	29;2;1;2;2;510	29;2;1;2;2;mix|1|13|141|15|16|17|18|19|21|22|23|24|26|27|28|3|30|32|34|5|510|513|523|527|535|537|6|8|81|82|83|9
462	29;2;1;2;2;510	29;2;1;2;2;mix|1|13|141|15|16|17|18|19|21|22|23|24|26|27|28|3|30|32|34|5|510|513|523|527|535|537|6|8|81|82|83|9
122	29;2;1;2;2;513	29;2;1;2;2;mix|1|13|141|15|16|17|18|19|21|22|23|24|26|27|28|3|30|32|34|5|510|513|523|527|535|537|6|8|81|82|83|9
371	29;2;1;2;2;513	29;2;1;2;2;mix|1|13|141|15|16|17|18|19|21|22|23|24|26|27|28|3|30|32|34|5|510|513|523|527|535|537|6|8|81|82|83|9
396	29;2;1;2;2;513	29;2;1;2;2;mix|1|13|141|15|16|17|18|19|21|22|23|24|26|27|28|3|30|32|34|5|510|513|523|527|535|537|6|8|81|82|83|9
469	29;2;1;2;2;513	29;2;1;2;2;mix|1|13|141|15|16|17|18|19|21|22|23|24|26|27|28|3|30|32|34|5|510|513|523|527|535|537|6|8|81|82|83|9
525	29;2;1;2;2;513	29;2;1;2;2;mix|1|13|141|15|16|17|18|19|21|22|23|24|26|27|28|3|30|32|34|5|510|513|523|527|535|537|6|8|81|82|83|9
592	29;2;1;2;2;513	29;2;1;2;2;mix|1|13|141|15|16|17|18|19|21|22|23|24|26|27|28|3|30|32|34|5|510|513|523|527|535|537|6|8|81|82|83|9
522	29;2;1;2;2;523	29;2;1;2;2;mix|1|13|141|15|16|17|18|19|21|22|23|24|26|27|28|3|30|32|34|5|510|513|523|527|535|537|6|8|81|82|83|9
548	29;2;1;2;2;527	29;2;1;2;2;mix|1|13|141|15|16|17|18|19|21|22|23|24|26|27|28|3|30|32|34|5|510|513|523|527|535|537|6|8|81|82|83|9
266	29;2;1;2;2;535	29;2;1;2;2;mix|1|13|141|15|16|17|18|19|21|22|23|24|26|27|28|3|30|32|34|5|510|513|523|527|535|537|6|8|81|82|83|9
579	29;2;1;2;2;535	29;2;1;2;2;mix|1|13|141|15|16|17|18|19|21|22|23|24|26|27|28|3|30|32|34|5|510|513|523|527|535|537|6|8|81|82|83|9
638	29;2;1;2;2;535	29;2;1;2;2;mix|1|13|141|15|16|17|18|19|21|22|23|24|26|27|28|3|30|32|34|5|510|513|523|527|535|537|6|8|81|82|83|9
474	29;2;1;2;2;537	29;2;1;2;2;mix|1|13|141|15|16|17|18|19|21|22|23|24|26|27|28|3|30|32|34|5|510|513|523|527|535|537|6|8|81|82|83|9
36	29;2;1;2;2;6	29;2;1;2;2;mix|1|13|141|15|16|17|18|19|21|22|23|24|26|27|28|3|30|32|34|5|510|513|523|527|535|537|6|8|81|82|83|9
475	29;2;1;2;2;6	29;2;1;2;2;mix|1|13|141|15|16|17|18|19|21|22|23|24|26|27|28|3|30|32|34|5|510|513|523|527|535|537|6|8|81|82|83|9
521	29;2;1;2;2;6	29;2;1;2;2;mix|1|13|141|15|16|17|18|19|21|22|23|24|26|27|28|3|30|32|34|5|510|513|523|527|535|537|6|8|81|82|83|9
230	29;2;1;2;2;8	29;2;1;2;2;mix|1|13|141|15|16|17|18|19|21|22|23|24|26|27|28|3|30|32|34|5|510|513|523|527|535|537|6|8|81|82|83|9
486	29;2;1;2;2;8	29;2;1;2;2;mix|1|13|141|15|16|17|18|19|21|22|23|24|26|27|28|3|30|32|34|5|510|513|523|527|535|537|6|8|81|82|83|9
574	29;2;1;2;2;8	29;2;1;2;2;mix|1|13|141|15|16|17|18|19|21|22|23|24|26|27|28|3|30|32|34|5|510|513|523|527|535|537|6|8|81|82|83|9
613	29;2;1;2;2;8	29;2;1;2;2;mix|1|13|141|15|16|17|18|19|21|22|23|24|26|27|28|3|30|32|34|5|510|513|523|527|535|537|6|8|81|82|83|9
249	29;2;1;2;2;81	29;2;1;2;2;mix|1|13|141|15|16|17|18|19|21|22|23|24|26|27|28|3|30|32|34|5|510|513|523|527|535|537|6|8|81|82|83|9
251	29;2;1;2;2;81	29;2;1;2;2;mix|1|13|141|15|16|17|18|19|21|22|23|24|26|27|28|3|30|32|34|5|510|513|523|527|535|537|6|8|81|82|83|9
343	29;2;1;2;2;81	29;2;1;2;2;mix|1|13|141|15|16|17|18|19|21|22|23|24|26|27|28|3|30|32|34|5|510|513|523|527|535|537|6|8|81|82|83|9
345	29;2;1;2;2;81	29;2;1;2;2;mix|1|13|141|15|16|17|18|19|21|22|23|24|26|27|28|3|30|32|34|5|510|513|523|527|535|537|6|8|81|82|83|9
213	29;2;1;2;2;82	29;2;1;2;2;mix|1|13|141|15|16|17|18|19|21|22|23|24|26|27|28|3|30|32|34|5|510|513|523|527|535|537|6|8|81|82|83|9
240	29;2;1;2;2;82	29;2;1;2;2;mix|1|13|141|15|16|17|18|19|21|22|23|24|26|27|28|3|30|32|34|5|510|513|523|527|535|537|6|8|81|82|83|9
247	29;2;1;2;2;82	29;2;1;2;2;mix|1|13|141|15|16|17|18|19|21|22|23|24|26|27|28|3|30|32|34|5|510|513|523|527|535|537|6|8|81|82|83|9
278	29;2;1;2;2;82	29;2;1;2;2;mix|1|13|141|15|16|17|18|19|21|22|23|24|26|27|28|3|30|32|34|5|510|513|523|527|535|537|6|8|81|82|83|9
306	29;2;1;2;2;82	29;2;1;2;2;mix|1|13|141|15|16|17|18|19|21|22|23|24|26|27|28|3|30|32|34|5|510|513|523|527|535|537|6|8|81|82|83|9
395	29;2;1;2;2;82	29;2;1;2;2;mix|1|13|141|15|16|17|18|19|21|22|23|24|26|27|28|3|30|32|34|5|510|513|523|527|535|537|6|8|81|82|83|9
493	29;2;1;2;2;82	29;2;1;2;2;mix|1|13|141|15|16|17|18|19|21|22|23|24|26|27|28|3|30|32|34|5|510|513|523|527|535|537|6|8|81|82|83|9
313	29;2;1;2;2;83	29;2;1;2;2;mix|1|13|141|15|16|17|18|19|21|22|23|24|26|27|28|3|30|32|34|5|510|513|523|527|535|537|6|8|81|82|83|9
402	29;2;1;2;2;9	29;2;1;2;2;mix|1|13|141|15|16|17|18|19|21|22|23|24|26|27|28|3|30|32|34|5|510|513|523|527|535|537|6|8|81|82|83|9
450	29;2;1;2;2;9	29;2;1;2;2;mix|1|13|141|15|16|17|18|19|21|22|23|24|26|27|28|3|30|32|34|5|510|513|523|527|535|537|6|8|81|82|83|9
555	29;2;1;2;2;9	29;2;1;2;2;mix|1|13|141|15|16|17|18|19|21|22|23|24|26|27|28|3|30|32|34|5|510|513|523|527|535|537|6|8|81|82|83|9
589	29;2;1;2;2;9	29;2;1;2;2;mix|1|13|141|15|16|17|18|19|21|22|23|24|26|27|28|3|30|32|34|5|510|513|523|527|535|537|6|8|81|82|83|9
719	29;2;1;99;99	29;2;1;99;99
77	29;2;2;1	29;2;2;1
125	29;2;2;3;3;p125	29;2;2;3;3;p125
550	29;2;2;3;3;p550	29;2;2;3;3;p550
130	29;2;2;3;99;29;2;3	29;2;2;3;99;29;2;3
14	29;2;2;3;1	29;2;2;3;mix|1|5
30	29;2;2;3;1	29;2;2;3;mix|1|5
158	29;2;2;3;1	29;2;2;3;mix|1|5
455	29;2;2;3;1	29;2;2;3;mix|1|5
500	29;2;2;3;1	29;2;2;3;mix|1|5
47	29;2;2;3;5	29;2;2;3;mix|1|5
554	29;2;2;3;5	29;2;2;3;mix|1|5
575	29;2;2;3;5	29;2;2;3;mix|1|5
100	29;2;3;p100	29;2;3;mix|p100|p124|p136|p250|p269|p287|p309|p330|p335|p337|p339|p341|p359|p373|p410|p449|p453|p463|p473|p501|p546|p584|p603|p61|p687|p710|p714|p723|p96
124	29;2;3;p124	29;2;3;mix|p100|p124|p136|p250|p269|p287|p309|p330|p335|p337|p339|p341|p359|p373|p410|p449|p453|p463|p473|p501|p546|p584|p603|p61|p687|p710|p714|p723|p96
136	29;2;3;p136	29;2;3;mix|p100|p124|p136|p250|p269|p287|p309|p330|p335|p337|p339|p341|p359|p373|p410|p449|p453|p463|p473|p501|p546|p584|p603|p61|p687|p710|p714|p723|p96
250	29;2;3;p250	29;2;3;mix|p100|p124|p136|p250|p269|p287|p309|p330|p335|p337|p339|p341|p359|p373|p410|p449|p453|p463|p473|p501|p546|p584|p603|p61|p687|p710|p714|p723|p96
269	29;2;3;p269	29;2;3;mix|p100|p124|p136|p250|p269|p287|p309|p330|p335|p337|p339|p341|p359|p373|p410|p449|p453|p463|p473|p501|p546|p584|p603|p61|p687|p710|p714|p723|p96
287	29;2;3;p287	29;2;3;mix|p100|p124|p136|p250|p269|p287|p309|p330|p335|p337|p339|p341|p359|p373|p410|p449|p453|p463|p473|p501|p546|p584|p603|p61|p687|p710|p714|p723|p96
309	29;2;3;p309	29;2;3;mix|p100|p124|p136|p250|p269|p287|p309|p330|p335|p337|p339|p341|p359|p373|p410|p449|p453|p463|p473|p501|p546|p584|p603|p61|p687|p710|p714|p723|p96
330	29;2;3;p330	29;2;3;mix|p100|p124|p136|p250|p269|p287|p309|p330|p335|p337|p339|p341|p359|p373|p410|p449|p453|p463|p473|p501|p546|p584|p603|p61|p687|p710|p714|p723|p96
335	29;2;3;p335	29;2;3;mix|p100|p124|p136|p250|p269|p287|p309|p330|p335|p337|p339|p341|p359|p373|p410|p449|p453|p463|p473|p501|p546|p584|p603|p61|p687|p710|p714|p723|p96
337	29;2;3;p337	29;2;3;mix|p100|p124|p136|p250|p269|p287|p309|p330|p335|p337|p339|p341|p359|p373|p410|p449|p453|p463|p473|p501|p546|p584|p603|p61|p687|p710|p714|p723|p96
339	29;2;3;p339	29;2;3;mix|p100|p124|p136|p250|p269|p287|p309|p330|p335|p337|p339|p341|p359|p373|p410|p449|p453|p463|p473|p501|p546|p584|p603|p61|p687|p710|p714|p723|p96
341	29;2;3;p341	29;2;3;mix|p100|p124|p136|p250|p269|p287|p309|p330|p335|p337|p339|p341|p359|p373|p410|p449|p453|p463|p473|p501|p546|p584|p603|p61|p687|p710|p714|p723|p96
359	29;2;3;p359	29;2;3;mix|p100|p124|p136|p250|p269|p287|p309|p330|p335|p337|p339|p341|p359|p373|p410|p449|p453|p463|p473|p501|p546|p584|p603|p61|p687|p710|p714|p723|p96
373	29;2;3;p373	29;2;3;mix|p100|p124|p136|p250|p269|p287|p309|p330|p335|p337|p339|p341|p359|p373|p410|p449|p453|p463|p473|p501|p546|p584|p603|p61|p687|p710|p714|p723|p96
410	29;2;3;p410	29;2;3;mix|p100|p124|p136|p250|p269|p287|p309|p330|p335|p337|p339|p341|p359|p373|p410|p449|p453|p463|p473|p501|p546|p584|p603|p61|p687|p710|p714|p723|p96
449	29;2;3;p449	29;2;3;mix|p100|p124|p136|p250|p269|p287|p309|p330|p335|p337|p339|p341|p359|p373|p410|p449|p453|p463|p473|p501|p546|p584|p603|p61|p687|p710|p714|p723|p96
453	29;2;3;p453	29;2;3;mix|p100|p124|p136|p250|p269|p287|p309|p330|p335|p337|p339|p341|p359|p373|p410|p449|p453|p463|p473|p501|p546|p584|p603|p61|p687|p710|p714|p723|p96
463	29;2;3;p463	29;2;3;mix|p100|p124|p136|p250|p269|p287|p309|p330|p335|p337|p339|p341|p359|p373|p410|p449|p453|p463|p473|p501|p546|p584|p603|p61|p687|p710|p714|p723|p96
473	29;2;3;p473	29;2;3;mix|p100|p124|p136|p250|p269|p287|p309|p330|p335|p337|p339|p341|p359|p373|p410|p449|p453|p463|p473|p501|p546|p584|p603|p61|p687|p710|p714|p723|p96
501	29;2;3;p501	29;2;3;mix|p100|p124|p136|p250|p269|p287|p309|p330|p335|p337|p339|p341|p359|p373|p410|p449|p453|p463|p473|p501|p546|p584|p603|p61|p687|p710|p714|p723|p96
546	29;2;3;p546	29;2;3;mix|p100|p124|p136|p250|p269|p287|p309|p330|p335|p337|p339|p341|p359|p373|p410|p449|p453|p463|p473|p501|p546|p584|p603|p61|p687|p710|p714|p723|p96
584	29;2;3;p584	29;2;3;mix|p100|p124|p136|p250|p269|p287|p309|p330|p335|p337|p339|p341|p359|p373|p410|p449|p453|p463|p473|p501|p546|p584|p603|p61|p687|p710|p714|p723|p96
603	29;2;3;p603	29;2;3;mix|p100|p124|p136|p250|p269|p287|p309|p330|p335|p337|p339|p341|p359|p373|p410|p449|p453|p463|p473|p501|p546|p584|p603|p61|p687|p710|p714|p723|p96
61	29;2;3;p61	29;2;3;mix|p100|p124|p136|p250|p269|p287|p309|p330|p335|p337|p339|p341|p359|p373|p410|p449|p453|p463|p473|p501|p546|p584|p603|p61|p687|p710|p714|p723|p96
687	29;2;3;p687	29;2;3;mix|p100|p124|p136|p250|p269|p287|p309|p330|p335|p337|p339|p341|p359|p373|p410|p449|p453|p463|p473|p501|p546|p584|p603|p61|p687|p710|p714|p723|p96
710	29;2;3;p710	29;2;3;mix|p100|p124|p136|p250|p269|p287|p309|p330|p335|p337|p339|p341|p359|p373|p410|p449|p453|p463|p473|p501|p546|p584|p603|p61|p687|p710|p714|p723|p96
714	29;2;3;p714	29;2;3;mix|p100|p124|p136|p250|p269|p287|p309|p330|p335|p337|p339|p341|p359|p373|p410|p449|p453|p463|p473|p501|p546|p584|p603|p61|p687|p710|p714|p723|p96
723	29;2;3;p723	29;2;3;mix|p100|p124|p136|p250|p269|p287|p309|p330|p335|p337|p339|p341|p359|p373|p410|p449|p453|p463|p473|p501|p546|p584|p603|p61|p687|p710|p714|p723|p96
96	29;2;3;p96	29;2;3;mix|p100|p124|p136|p250|p269|p287|p309|p330|p335|p337|p339|p341|p359|p373|p410|p449|p453|p463|p473|p501|p546|p584|p603|p61|p687|p710|p714|p723|p96
112	29;2;3;p112	29;2;3;mix|p112|p157|p161|p655
157	29;2;3;p157	29;2;3;mix|p112|p157|p161|p655
161	29;2;3;p161	29;2;3;mix|p112|p157|p161|p655
655	29;2;3;p655	29;2;3;mix|p112|p157|p161|p655
363	29;2;3;p363	29;2;3;mix|p363|p633|p646|p664
633	29;2;3;p633	29;2;3;mix|p363|p633|p646|p664
646	29;2;3;p646	29;2;3;mix|p363|p633|p646|p664
664	29;2;3;p664	29;2;3;mix|p363|p633|p646|p664
526	29;2;3;p526	29;2;3;mix|p526|p731
731	29;2;3;p731	29;2;3;mix|p526|p731
143	29;2;3;p143	29;2;3;p143
423	29;2;3;p423	29;2;3;p423
610	29;2;3;p610	29;2;3;p610
126	29;2;4;p126	29;2;4;mix|p126|p135|p170|p181|p25|p252|p255|p260|p286|p316|p327|p329|p409|p417|p424|p478|p480|p518|p66
135	29;2;4;p135	29;2;4;mix|p126|p135|p170|p181|p25|p252|p255|p260|p286|p316|p327|p329|p409|p417|p424|p478|p480|p518|p66
170	29;2;4;p170	29;2;4;mix|p126|p135|p170|p181|p25|p252|p255|p260|p286|p316|p327|p329|p409|p417|p424|p478|p480|p518|p66
181	29;2;4;p181	29;2;4;mix|p126|p135|p170|p181|p25|p252|p255|p260|p286|p316|p327|p329|p409|p417|p424|p478|p480|p518|p66
25	29;2;4;p25	29;2;4;mix|p126|p135|p170|p181|p25|p252|p255|p260|p286|p316|p327|p329|p409|p417|p424|p478|p480|p518|p66
252	29;2;4;p252	29;2;4;mix|p126|p135|p170|p181|p25|p252|p255|p260|p286|p316|p327|p329|p409|p417|p424|p478|p480|p518|p66
255	29;2;4;p255	29;2;4;mix|p126|p135|p170|p181|p25|p252|p255|p260|p286|p316|p327|p329|p409|p417|p424|p478|p480|p518|p66
260	29;2;4;p260	29;2;4;mix|p126|p135|p170|p181|p25|p252|p255|p260|p286|p316|p327|p329|p409|p417|p424|p478|p480|p518|p66
286	29;2;4;p286	29;2;4;mix|p126|p135|p170|p181|p25|p252|p255|p260|p286|p316|p327|p329|p409|p417|p424|p478|p480|p518|p66
316	29;2;4;p316	29;2;4;mix|p126|p135|p170|p181|p25|p252|p255|p260|p286|p316|p327|p329|p409|p417|p424|p478|p480|p518|p66
327	29;2;4;p327	29;2;4;mix|p126|p135|p170|p181|p25|p252|p255|p260|p286|p316|p327|p329|p409|p417|p424|p478|p480|p518|p66
329	29;2;4;p329	29;2;4;mix|p126|p135|p170|p181|p25|p252|p255|p260|p286|p316|p327|p329|p409|p417|p424|p478|p480|p518|p66
409	29;2;4;p409	29;2;4;mix|p126|p135|p170|p181|p25|p252|p255|p260|p286|p316|p327|p329|p409|p417|p424|p478|p480|p518|p66
417	29;2;4;p417	29;2;4;mix|p126|p135|p170|p181|p25|p252|p255|p260|p286|p316|p327|p329|p409|p417|p424|p478|p480|p518|p66
424	29;2;4;p424	29;2;4;mix|p126|p135|p170|p181|p25|p252|p255|p260|p286|p316|p327|p329|p409|p417|p424|p478|p480|p518|p66
478	29;2;4;p478	29;2;4;mix|p126|p135|p170|p181|p25|p252|p255|p260|p286|p316|p327|p329|p409|p417|p424|p478|p480|p518|p66
480	29;2;4;p480	29;2;4;mix|p126|p135|p170|p181|p25|p252|p255|p260|p286|p316|p327|p329|p409|p417|p424|p478|p480|p518|p66
518	29;2;4;p518	29;2;4;mix|p126|p135|p170|p181|p25|p252|p255|p260|p286|p316|p327|p329|p409|p417|p424|p478|p480|p518|p66
66	29;2;4;p66	29;2;4;mix|p126|p135|p170|p181|p25|p252|p255|p260|p286|p316|p327|p329|p409|p417|p424|p478|p480|p518|p66
16	29;2;4;p16	29;2;4;mix|p16|p303|p433
303	29;2;4;p303	29;2;4;mix|p16|p303|p433
433	29;2;4;p433	29;2;4;mix|p16|p303|p433
227	29;2;4;p227	29;2;4;mix|p227|p263
263	29;2;4;p263	29;2;4;mix|p227|p263
208	29;2;4;p208	29;2;4;p208
434	29;2;4;p434	29;2;4;p434
553	29;2;4;p553	29;2;4;p553
612	29;2;4;p612	29;2;4;p612
370	29;2;5;p370	29;2;5;mix|p370|p378
378	29;2;5;p378	29;2;5;mix|p370|p378
537	29;2;5;p537	29;2;5;p537
609	29;2;5;p609	29;2;5;p609
246	29;2;p246	29;2;p246
400	29;2;p400	29;2;p400
285	29;3;1;p285	29;3;1;mix|p285|p312|p342|p366|p654|p663|p678|p691
312	29;3;1;p312	29;3;1;mix|p285|p312|p342|p366|p654|p663|p678|p691
342	29;3;1;p342	29;3;1;mix|p285|p312|p342|p366|p654|p663|p678|p691
366	29;3;1;p366	29;3;1;mix|p285|p312|p342|p366|p654|p663|p678|p691
654	29;3;1;p654	29;3;1;mix|p285|p312|p342|p366|p654|p663|p678|p691
663	29;3;1;p663	29;3;1;mix|p285|p312|p342|p366|p654|p663|p678|p691
678	29;3;1;p678	29;3;1;mix|p285|p312|p342|p366|p654|p663|p678|p691
691	29;3;1;p691	29;3;1;mix|p285|p312|p342|p366|p654|p663|p678|p691
381	29;3;1;p381	29;3;1;mix|p381|p658
658	29;3;1;p658	29;3;1;mix|p381|p658
235	29;3;1;p235	29;3;1;p235
512	29;3;1;p512	29;3;1;p512
68	29;3;1;p68	29;3;1;p68
688	29;3;1;p688	29;3;1;p688
199	29;3;2;p199	29;3;2;mix|p199|p222|p229|p234|p279|p308|p506
222	29;3;2;p222	29;3;2;mix|p199|p222|p229|p234|p279|p308|p506
229	29;3;2;p229	29;3;2;mix|p199|p222|p229|p234|p279|p308|p506
234	29;3;2;p234	29;3;2;mix|p199|p222|p229|p234|p279|p308|p506
279	29;3;2;p279	29;3;2;mix|p199|p222|p229|p234|p279|p308|p506
308	29;3;2;p308	29;3;2;mix|p199|p222|p229|p234|p279|p308|p506
506	29;3;2;p506	29;3;2;mix|p199|p222|p229|p234|p279|p308|p506
215	29;3;2;p215	29;3;2;mix|p215|p686
686	29;3;2;p686	29;3;2;mix|p215|p686
616	29;3;2;p616	29;3;2;mix|p616|p713|p742
713	29;3;2;p713	29;3;2;mix|p616|p713|p742
742	29;3;2;p742	29;3;2;mix|p616|p713|p742
282	29;3;2;p282	29;3;2;p282
348	29;3;2;p348	29;3;2;p348
364	29;3;3;30;5	29;3;3;mix|30|p188|p210|p226|p660
188	29;3;3;p188	29;3;3;mix|30|p188|p210|p226|p660
210	29;3;3;p210	29;3;3;mix|30|p188|p210|p226|p660
226	29;3;3;p226	29;3;3;mix|30|p188|p210|p226|p660
660	29;3;3;p660	29;3;3;mix|30|p188|p210|p226|p660
151	29;3;3;p151	29;3;3;mix|p151|p361|p697
361	29;3;3;p361	29;3;3;mix|p151|p361|p697
697	29;3;3;p697	29;3;3;mix|p151|p361|p697
164	29;3;3;p164	29;3;3;mix|p164|p205|p294|p326|p50|p58|p67|p74|p94
205	29;3;3;p205	29;3;3;mix|p164|p205|p294|p326|p50|p58|p67|p74|p94
294	29;3;3;p294	29;3;3;mix|p164|p205|p294|p326|p50|p58|p67|p74|p94
326	29;3;3;p326	29;3;3;mix|p164|p205|p294|p326|p50|p58|p67|p74|p94
50	29;3;3;p50	29;3;3;mix|p164|p205|p294|p326|p50|p58|p67|p74|p94
58	29;3;3;p58	29;3;3;mix|p164|p205|p294|p326|p50|p58|p67|p74|p94
67	29;3;3;p67	29;3;3;mix|p164|p205|p294|p326|p50|p58|p67|p74|p94
74	29;3;3;p74	29;3;3;mix|p164|p205|p294|p326|p50|p58|p67|p74|p94
94	29;3;3;p94	29;3;3;mix|p164|p205|p294|p326|p50|p58|p67|p74|p94
180	29;3;3;p180	29;3;3;p180
241	29;3;3;p241	29;3;3;p241
42	29;3;4;3;p42	29;3;4;3;p42
545	29;3;4;3;p545	29;3;4;3;p545
705	29;3;4;3;p705	29;3;4;3;p705
672	29;3;4;4;p672	29;3;4;4;p672
698	29;3;4;4;p698	29;3;4;4;p698
708	29;3;4;4;p708	29;3;4;4;p708
106	29;3;4;99;p106	29;3;4;99;mix|p106|p297|p421|p597|p716
297	29;3;4;99;p297	29;3;4;99;mix|p106|p297|p421|p597|p716
421	29;3;4;99;p421	29;3;4;99;mix|p106|p297|p421|p597|p716
597	29;3;4;99;p597	29;3;4;99;mix|p106|p297|p421|p597|p716
716	29;3;4;99;p716	29;3;4;99;mix|p106|p297|p421|p597|p716
411	29;3;4;99;p411	29;3;4;99;mix|p411|p642|p661
642	29;3;4;99;p642	29;3;4;99;mix|p411|p642|p661
661	29;3;4;99;p661	29;3;4;99;mix|p411|p642|p661
604	29;3;4;99;p604	29;3;4;99;mix|p604|p677
677	29;3;4;99;p677	29;3;4;99;mix|p604|p677
367	29;3;4;99;p367	29;3;4;99;p367
735	29;3;4;99;p735	29;3;4;99;p735
673	29;3;4;1	29;3;4;mix|1|2
704	29;3;4;1	29;3;4;mix|1|2
541	29;3;4;2	29;3;4;mix|1|2
360	29;3;5	29;3;mix|5|99|p24
48	29;3;99	29;3;mix|5|99|p24
75	29;3;99	29;3;mix|5|99|p24
24	29;3;p24	29;3;mix|5|99|p24
76	29;4;1;57	29;4;mix|1|p121|p203|p265|p304|p358|p380|p405|p515|p519|p569|p595|p619|p622|p637|p645|p652|p671|p683|p737
217	29;4;1;52	29;4;mix|1|p121|p203|p265|p304|p358|p380|p405|p515|p519|p569|p595|p619|p622|p637|p645|p652|p671|p683|p737
736	29;4;1;58	29;4;mix|1|p121|p203|p265|p304|p358|p380|p405|p515|p519|p569|p595|p619|p622|p637|p645|p652|p671|p683|p737
121	29;4;p121	29;4;mix|1|p121|p203|p265|p304|p358|p380|p405|p515|p519|p569|p595|p619|p622|p637|p645|p652|p671|p683|p737
203	29;4;p203	29;4;mix|1|p121|p203|p265|p304|p358|p380|p405|p515|p519|p569|p595|p619|p622|p637|p645|p652|p671|p683|p737
265	29;4;p265	29;4;mix|1|p121|p203|p265|p304|p358|p380|p405|p515|p519|p569|p595|p619|p622|p637|p645|p652|p671|p683|p737
304	29;4;p304	29;4;mix|1|p121|p203|p265|p304|p358|p380|p405|p515|p519|p569|p595|p619|p622|p637|p645|p652|p671|p683|p737
358	29;4;p358	29;4;mix|1|p121|p203|p265|p304|p358|p380|p405|p515|p519|p569|p595|p619|p622|p637|p645|p652|p671|p683|p737
380	29;4;p380	29;4;mix|1|p121|p203|p265|p304|p358|p380|p405|p515|p519|p569|p595|p619|p622|p637|p645|p652|p671|p683|p737
405	29;4;p405	29;4;mix|1|p121|p203|p265|p304|p358|p380|p405|p515|p519|p569|p595|p619|p622|p637|p645|p652|p671|p683|p737
515	29;4;p515	29;4;mix|1|p121|p203|p265|p304|p358|p380|p405|p515|p519|p569|p595|p619|p622|p637|p645|p652|p671|p683|p737
519	29;4;p519	29;4;mix|1|p121|p203|p265|p304|p358|p380|p405|p515|p519|p569|p595|p619|p622|p637|p645|p652|p671|p683|p737
569	29;4;p569	29;4;mix|1|p121|p203|p265|p304|p358|p380|p405|p515|p519|p569|p595|p619|p622|p637|p645|p652|p671|p683|p737
595	29;4;p595	29;4;mix|1|p121|p203|p265|p304|p358|p380|p405|p515|p519|p569|p595|p619|p622|p637|p645|p652|p671|p683|p737
619	29;4;p619	29;4;mix|1|p121|p203|p265|p304|p358|p380|p405|p515|p519|p569|p595|p619|p622|p637|p645|p652|p671|p683|p737
622	29;4;p622	29;4;mix|1|p121|p203|p265|p304|p358|p380|p405|p515|p519|p569|p595|p619|p622|p637|p645|p652|p671|p683|p737
637	29;4;p637	29;4;mix|1|p121|p203|p265|p304|p358|p380|p405|p515|p519|p569|p595|p619|p622|p637|p645|p652|p671|p683|p737
645	29;4;p645	29;4;mix|1|p121|p203|p265|p304|p358|p380|p405|p515|p519|p569|p595|p619|p622|p637|p645|p652|p671|p683|p737
652	29;4;p652	29;4;mix|1|p121|p203|p265|p304|p358|p380|p405|p515|p519|p569|p595|p619|p622|p637|p645|p652|p671|p683|p737
671	29;4;p671	29;4;mix|1|p121|p203|p265|p304|p358|p380|p405|p515|p519|p569|p595|p619|p622|p637|p645|p652|p671|p683|p737
683	29;4;p683	29;4;mix|1|p121|p203|p265|p304|p358|p380|p405|p515|p519|p569|p595|p619|p622|p637|p645|p652|p671|p683|p737
737	29;4;p737	29;4;mix|1|p121|p203|p265|p304|p358|p380|p405|p515|p519|p569|p595|p619|p622|p637|p645|p652|p671|p683|p737
167	29;4;p167	29;4;mix|p167|p192|p587|p636|p641|p669|p685|p70|p739|p743
192	29;4;p192	29;4;mix|p167|p192|p587|p636|p641|p669|p685|p70|p739|p743
587	29;4;p587	29;4;mix|p167|p192|p587|p636|p641|p669|p685|p70|p739|p743
636	29;4;p636	29;4;mix|p167|p192|p587|p636|p641|p669|p685|p70|p739|p743
641	29;4;p641	29;4;mix|p167|p192|p587|p636|p641|p669|p685|p70|p739|p743
669	29;4;p669	29;4;mix|p167|p192|p587|p636|p641|p669|p685|p70|p739|p743
685	29;4;p685	29;4;mix|p167|p192|p587|p636|p641|p669|p685|p70|p739|p743
70	29;4;p70	29;4;mix|p167|p192|p587|p636|p641|p669|p685|p70|p739|p743
739	29;4;p739	29;4;mix|p167|p192|p587|p636|p641|p669|p685|p70|p739|p743
743	29;4;p743	29;4;mix|p167|p192|p587|p636|p641|p669|p685|p70|p739|p743
464	29;4;p464	29;4;mix|p464|p494
494	29;4;p494	29;4;mix|p464|p494
375	29;4;p375	29;4;p375
667	29;4;p667	29;4;p667
709	29;4;p709	29;4;p709
727	29;4;p727	29;4;p727
302	29;5;11;1;p302	29;5;11;1;mix|p302|p459|p600|p728
459	29;5;11;1;p459	29;5;11;1;mix|p302|p459|p600|p728
600	29;5;11;1;p600	29;5;11;1;mix|p302|p459|p600|p728
728	29;5;11;1;p728	29;5;11;1;mix|p302|p459|p600|p728
625	29;5;11;1;p625	29;5;11;1;p625
648	29;5;11;1;p648	29;5;11;1;p648
102	29;5;11;20;p102	29;5;11;20;mix|p102|p314|p520|p606|p649|p675
314	29;5;11;20;p314	29;5;11;20;mix|p102|p314|p520|p606|p649|p675
520	29;5;11;20;p520	29;5;11;20;mix|p102|p314|p520|p606|p649|p675
606	29;5;11;20;p606	29;5;11;20;mix|p102|p314|p520|p606|p649|p675
649	29;5;11;20;p649	29;5;11;20;mix|p102|p314|p520|p606|p649|p675
675	29;5;11;20;p675	29;5;11;20;mix|p102|p314|p520|p606|p649|p675
123	29;5;11;20;p123	29;5;11;20;mix|p123|p153|p162|p168|p184|p194|p211|p228|p262|p28|p322|p344|p350|p353|p37|p376|p406|p426|p430|p440|p458|p466|p484|p497|p504|p505|p527|p540|p544|p568|p620|p627|p631|p635|p666|p69|p88
153	29;5;11;20;p153	29;5;11;20;mix|p123|p153|p162|p168|p184|p194|p211|p228|p262|p28|p322|p344|p350|p353|p37|p376|p406|p426|p430|p440|p458|p466|p484|p497|p504|p505|p527|p540|p544|p568|p620|p627|p631|p635|p666|p69|p88
162	29;5;11;20;p162	29;5;11;20;mix|p123|p153|p162|p168|p184|p194|p211|p228|p262|p28|p322|p344|p350|p353|p37|p376|p406|p426|p430|p440|p458|p466|p484|p497|p504|p505|p527|p540|p544|p568|p620|p627|p631|p635|p666|p69|p88
168	29;5;11;20;p168	29;5;11;20;mix|p123|p153|p162|p168|p184|p194|p211|p228|p262|p28|p322|p344|p350|p353|p37|p376|p406|p426|p430|p440|p458|p466|p484|p497|p504|p505|p527|p540|p544|p568|p620|p627|p631|p635|p666|p69|p88
184	29;5;11;20;p184	29;5;11;20;mix|p123|p153|p162|p168|p184|p194|p211|p228|p262|p28|p322|p344|p350|p353|p37|p376|p406|p426|p430|p440|p458|p466|p484|p497|p504|p505|p527|p540|p544|p568|p620|p627|p631|p635|p666|p69|p88
194	29;5;11;20;p194	29;5;11;20;mix|p123|p153|p162|p168|p184|p194|p211|p228|p262|p28|p322|p344|p350|p353|p37|p376|p406|p426|p430|p440|p458|p466|p484|p497|p504|p505|p527|p540|p544|p568|p620|p627|p631|p635|p666|p69|p88
211	29;5;11;20;p211	29;5;11;20;mix|p123|p153|p162|p168|p184|p194|p211|p228|p262|p28|p322|p344|p350|p353|p37|p376|p406|p426|p430|p440|p458|p466|p484|p497|p504|p505|p527|p540|p544|p568|p620|p627|p631|p635|p666|p69|p88
228	29;5;11;20;p228	29;5;11;20;mix|p123|p153|p162|p168|p184|p194|p211|p228|p262|p28|p322|p344|p350|p353|p37|p376|p406|p426|p430|p440|p458|p466|p484|p497|p504|p505|p527|p540|p544|p568|p620|p627|p631|p635|p666|p69|p88
262	29;5;11;20;p262	29;5;11;20;mix|p123|p153|p162|p168|p184|p194|p211|p228|p262|p28|p322|p344|p350|p353|p37|p376|p406|p426|p430|p440|p458|p466|p484|p497|p504|p505|p527|p540|p544|p568|p620|p627|p631|p635|p666|p69|p88
28	29;5;11;20;p28	29;5;11;20;mix|p123|p153|p162|p168|p184|p194|p211|p228|p262|p28|p322|p344|p350|p353|p37|p376|p406|p426|p430|p440|p458|p466|p484|p497|p504|p505|p527|p540|p544|p568|p620|p627|p631|p635|p666|p69|p88
322	29;5;11;20;p322	29;5;11;20;mix|p123|p153|p162|p168|p184|p194|p211|p228|p262|p28|p322|p344|p350|p353|p37|p376|p406|p426|p430|p440|p458|p466|p484|p497|p504|p505|p527|p540|p544|p568|p620|p627|p631|p635|p666|p69|p88
344	29;5;11;20;p344	29;5;11;20;mix|p123|p153|p162|p168|p184|p194|p211|p228|p262|p28|p322|p344|p350|p353|p37|p376|p406|p426|p430|p440|p458|p466|p484|p497|p504|p505|p527|p540|p544|p568|p620|p627|p631|p635|p666|p69|p88
350	29;5;11;20;p350	29;5;11;20;mix|p123|p153|p162|p168|p184|p194|p211|p228|p262|p28|p322|p344|p350|p353|p37|p376|p406|p426|p430|p440|p458|p466|p484|p497|p504|p505|p527|p540|p544|p568|p620|p627|p631|p635|p666|p69|p88
353	29;5;11;20;p353	29;5;11;20;mix|p123|p153|p162|p168|p184|p194|p211|p228|p262|p28|p322|p344|p350|p353|p37|p376|p406|p426|p430|p440|p458|p466|p484|p497|p504|p505|p527|p540|p544|p568|p620|p627|p631|p635|p666|p69|p88
37	29;5;11;20;p37	29;5;11;20;mix|p123|p153|p162|p168|p184|p194|p211|p228|p262|p28|p322|p344|p350|p353|p37|p376|p406|p426|p430|p440|p458|p466|p484|p497|p504|p505|p527|p540|p544|p568|p620|p627|p631|p635|p666|p69|p88
376	29;5;11;20;p376	29;5;11;20;mix|p123|p153|p162|p168|p184|p194|p211|p228|p262|p28|p322|p344|p350|p353|p37|p376|p406|p426|p430|p440|p458|p466|p484|p497|p504|p505|p527|p540|p544|p568|p620|p627|p631|p635|p666|p69|p88
406	29;5;11;20;p406	29;5;11;20;mix|p123|p153|p162|p168|p184|p194|p211|p228|p262|p28|p322|p344|p350|p353|p37|p376|p406|p426|p430|p440|p458|p466|p484|p497|p504|p505|p527|p540|p544|p568|p620|p627|p631|p635|p666|p69|p88
426	29;5;11;20;p426	29;5;11;20;mix|p123|p153|p162|p168|p184|p194|p211|p228|p262|p28|p322|p344|p350|p353|p37|p376|p406|p426|p430|p440|p458|p466|p484|p497|p504|p505|p527|p540|p544|p568|p620|p627|p631|p635|p666|p69|p88
430	29;5;11;20;p430	29;5;11;20;mix|p123|p153|p162|p168|p184|p194|p211|p228|p262|p28|p322|p344|p350|p353|p37|p376|p406|p426|p430|p440|p458|p466|p484|p497|p504|p505|p527|p540|p544|p568|p620|p627|p631|p635|p666|p69|p88
440	29;5;11;20;p440	29;5;11;20;mix|p123|p153|p162|p168|p184|p194|p211|p228|p262|p28|p322|p344|p350|p353|p37|p376|p406|p426|p430|p440|p458|p466|p484|p497|p504|p505|p527|p540|p544|p568|p620|p627|p631|p635|p666|p69|p88
458	29;5;11;20;p458	29;5;11;20;mix|p123|p153|p162|p168|p184|p194|p211|p228|p262|p28|p322|p344|p350|p353|p37|p376|p406|p426|p430|p440|p458|p466|p484|p497|p504|p505|p527|p540|p544|p568|p620|p627|p631|p635|p666|p69|p88
466	29;5;11;20;p466	29;5;11;20;mix|p123|p153|p162|p168|p184|p194|p211|p228|p262|p28|p322|p344|p350|p353|p37|p376|p406|p426|p430|p440|p458|p466|p484|p497|p504|p505|p527|p540|p544|p568|p620|p627|p631|p635|p666|p69|p88
484	29;5;11;20;p484	29;5;11;20;mix|p123|p153|p162|p168|p184|p194|p211|p228|p262|p28|p322|p344|p350|p353|p37|p376|p406|p426|p430|p440|p458|p466|p484|p497|p504|p505|p527|p540|p544|p568|p620|p627|p631|p635|p666|p69|p88
497	29;5;11;20;p497	29;5;11;20;mix|p123|p153|p162|p168|p184|p194|p211|p228|p262|p28|p322|p344|p350|p353|p37|p376|p406|p426|p430|p440|p458|p466|p484|p497|p504|p505|p527|p540|p544|p568|p620|p627|p631|p635|p666|p69|p88
504	29;5;11;20;p504	29;5;11;20;mix|p123|p153|p162|p168|p184|p194|p211|p228|p262|p28|p322|p344|p350|p353|p37|p376|p406|p426|p430|p440|p458|p466|p484|p497|p504|p505|p527|p540|p544|p568|p620|p627|p631|p635|p666|p69|p88
505	29;5;11;20;p505	29;5;11;20;mix|p123|p153|p162|p168|p184|p194|p211|p228|p262|p28|p322|p344|p350|p353|p37|p376|p406|p426|p430|p440|p458|p466|p484|p497|p504|p505|p527|p540|p544|p568|p620|p627|p631|p635|p666|p69|p88
527	29;5;11;20;p527	29;5;11;20;mix|p123|p153|p162|p168|p184|p194|p211|p228|p262|p28|p322|p344|p350|p353|p37|p376|p406|p426|p430|p440|p458|p466|p484|p497|p504|p505|p527|p540|p544|p568|p620|p627|p631|p635|p666|p69|p88
540	29;5;11;20;p540	29;5;11;20;mix|p123|p153|p162|p168|p184|p194|p211|p228|p262|p28|p322|p344|p350|p353|p37|p376|p406|p426|p430|p440|p458|p466|p484|p497|p504|p505|p527|p540|p544|p568|p620|p627|p631|p635|p666|p69|p88
544	29;5;11;20;p544	29;5;11;20;mix|p123|p153|p162|p168|p184|p194|p211|p228|p262|p28|p322|p344|p350|p353|p37|p376|p406|p426|p430|p440|p458|p466|p484|p497|p504|p505|p527|p540|p544|p568|p620|p627|p631|p635|p666|p69|p88
568	29;5;11;20;p568	29;5;11;20;mix|p123|p153|p162|p168|p184|p194|p211|p228|p262|p28|p322|p344|p350|p353|p37|p376|p406|p426|p430|p440|p458|p466|p484|p497|p504|p505|p527|p540|p544|p568|p620|p627|p631|p635|p666|p69|p88
620	29;5;11;20;p620	29;5;11;20;mix|p123|p153|p162|p168|p184|p194|p211|p228|p262|p28|p322|p344|p350|p353|p37|p376|p406|p426|p430|p440|p458|p466|p484|p497|p504|p505|p527|p540|p544|p568|p620|p627|p631|p635|p666|p69|p88
627	29;5;11;20;p627	29;5;11;20;mix|p123|p153|p162|p168|p184|p194|p211|p228|p262|p28|p322|p344|p350|p353|p37|p376|p406|p426|p430|p440|p458|p466|p484|p497|p504|p505|p527|p540|p544|p568|p620|p627|p631|p635|p666|p69|p88
631	29;5;11;20;p631	29;5;11;20;mix|p123|p153|p162|p168|p184|p194|p211|p228|p262|p28|p322|p344|p350|p353|p37|p376|p406|p426|p430|p440|p458|p466|p484|p497|p504|p505|p527|p540|p544|p568|p620|p627|p631|p635|p666|p69|p88
635	29;5;11;20;p635	29;5;11;20;mix|p123|p153|p162|p168|p184|p194|p211|p228|p262|p28|p322|p344|p350|p353|p37|p376|p406|p426|p430|p440|p458|p466|p484|p497|p504|p505|p527|p540|p544|p568|p620|p627|p631|p635|p666|p69|p88
666	29;5;11;20;p666	29;5;11;20;mix|p123|p153|p162|p168|p184|p194|p211|p228|p262|p28|p322|p344|p350|p353|p37|p376|p406|p426|p430|p440|p458|p466|p484|p497|p504|p505|p527|p540|p544|p568|p620|p627|p631|p635|p666|p69|p88
69	29;5;11;20;p69	29;5;11;20;mix|p123|p153|p162|p168|p184|p194|p211|p228|p262|p28|p322|p344|p350|p353|p37|p376|p406|p426|p430|p440|p458|p466|p484|p497|p504|p505|p527|p540|p544|p568|p620|p627|p631|p635|p666|p69|p88
88	29;5;11;20;p88	29;5;11;20;mix|p123|p153|p162|p168|p184|p194|p211|p228|p262|p28|p322|p344|p350|p353|p37|p376|p406|p426|p430|p440|p458|p466|p484|p497|p504|p505|p527|p540|p544|p568|p620|p627|p631|p635|p666|p69|p88
197	29;5;11;20;p197	29;5;11;20;mix|p197|p248|p347|p418|p448|p724
248	29;5;11;20;p248	29;5;11;20;mix|p197|p248|p347|p418|p448|p724
347	29;5;11;20;p347	29;5;11;20;mix|p197|p248|p347|p418|p448|p724
418	29;5;11;20;p418	29;5;11;20;mix|p197|p248|p347|p418|p448|p724
448	29;5;11;20;p448	29;5;11;20;mix|p197|p248|p347|p418|p448|p724
724	29;5;11;20;p724	29;5;11;20;mix|p197|p248|p347|p418|p448|p724
445	29;5;11;20;p445	29;5;11;20;mix|p445|p634
634	29;5;11;20;p634	29;5;11;20;mix|p445|p634
611	29;5;11;20;p611	29;5;11;20;mix|p611|p693
693	29;5;11;20;p693	29;5;11;20;mix|p611|p693
643	29;5;11;20;p643	29;5;11;20;mix|p643|p734
734	29;5;11;20;p734	29;5;11;20;mix|p643|p734
244	29;5;11;20;p244	29;5;11;20;p244
245	29;5;11;20;p245	29;5;11;20;p245
659	29;5;11;20;p659	29;5;11;20;p659
431	29;5;11;3;p431	29;5;11;3;mix|p431|p498|p507|p547|p626|p656
498	29;5;11;3;p498	29;5;11;3;mix|p431|p498|p507|p547|p626|p656
507	29;5;11;3;p507	29;5;11;3;mix|p431|p498|p507|p547|p626|p656
547	29;5;11;3;p547	29;5;11;3;mix|p431|p498|p507|p547|p626|p656
626	29;5;11;3;p626	29;5;11;3;mix|p431|p498|p507|p547|p626|p656
656	29;5;11;3;p656	29;5;11;3;mix|p431|p498|p507|p547|p626|p656
700	29;5;11;3;p700	29;5;11;3;p700
397	29;5;11;5;p397	29;5;11;5;p397
514	29;5;11;5;p514	29;5;11;5;p514
628	29;5;11;5;p628	29;5;11;5;p628
668	29;5;11;5;p668	29;5;11;5;p668
726	29;5;11;5;p726	29;5;11;5;p726
110	29;5;11;2	29;5;11;mix|2|4|p644
442	29;5;11;2	29;5;11;mix|2|4|p644
701	29;5;11;2	29;5;11;mix|2|4|p644
703	29;5;11;2	29;5;11;mix|2|4|p644
2	29;5;11;4;3;2	29;5;11;mix|2|4|p644
196	29;5;11;4;3;1	29;5;11;mix|2|4|p644
602	29;5;11;4;3;1	29;5;11;mix|2|4|p644
608	29;5;11;4;1	29;5;11;mix|2|4|p644
674	29;5;11;4;1	29;5;11;mix|2|4|p644
679	29;5;11;4;3;2	29;5;11;mix|2|4|p644
702	29;5;11;4;3;2	29;5;11;mix|2|4|p644
740	29;5;11;4;3;2	29;5;11;mix|2|4|p644
644	29;5;11;p644	29;5;11;mix|2|4|p644
596	29;5;11;p596	29;5;11;p596
733	29;5;11;p733	29;5;11;p733
87	29;5;11;p87	29;5;11;p87
165	29;5;3;p165	29;5;3;mix|p165|p293
293	29;5;3;p293	29;5;3;mix|p165|p293
623	29;5;3;p623	29;5;3;mix|p623|p64|p681
64	29;5;3;p64	29;5;3;mix|p623|p64|p681
681	29;5;3;p681	29;5;3;mix|p623|p64|p681
629	29;5;3;p629	29;5;3;mix|p629|p725
725	29;5;3;p725	29;5;3;mix|p629|p725
193	29;5;3;p193	29;5;3;p193
383	29;5;3;p383	29;5;3;p383
403	29;5;3;p403	29;5;3;p403
706	29;5;3;p706	29;5;3;p706
104	29;5;5;p104	29;5;5;mix|p104|p127|p149|p15|p171|p200|p206|p212|p256|p272|p354|p379|p40|p425|p556|p571|p65|p696|p97
127	29;5;5;p127	29;5;5;mix|p104|p127|p149|p15|p171|p200|p206|p212|p256|p272|p354|p379|p40|p425|p556|p571|p65|p696|p97
149	29;5;5;p149	29;5;5;mix|p104|p127|p149|p15|p171|p200|p206|p212|p256|p272|p354|p379|p40|p425|p556|p571|p65|p696|p97
15	29;5;5;p15	29;5;5;mix|p104|p127|p149|p15|p171|p200|p206|p212|p256|p272|p354|p379|p40|p425|p556|p571|p65|p696|p97
171	29;5;5;p171	29;5;5;mix|p104|p127|p149|p15|p171|p200|p206|p212|p256|p272|p354|p379|p40|p425|p556|p571|p65|p696|p97
200	29;5;5;p200	29;5;5;mix|p104|p127|p149|p15|p171|p200|p206|p212|p256|p272|p354|p379|p40|p425|p556|p571|p65|p696|p97
206	29;5;5;p206	29;5;5;mix|p104|p127|p149|p15|p171|p200|p206|p212|p256|p272|p354|p379|p40|p425|p556|p571|p65|p696|p97
212	29;5;5;p212	29;5;5;mix|p104|p127|p149|p15|p171|p200|p206|p212|p256|p272|p354|p379|p40|p425|p556|p571|p65|p696|p97
256	29;5;5;p256	29;5;5;mix|p104|p127|p149|p15|p171|p200|p206|p212|p256|p272|p354|p379|p40|p425|p556|p571|p65|p696|p97
272	29;5;5;p272	29;5;5;mix|p104|p127|p149|p15|p171|p200|p206|p212|p256|p272|p354|p379|p40|p425|p556|p571|p65|p696|p97
354	29;5;5;p354	29;5;5;mix|p104|p127|p149|p15|p171|p200|p206|p212|p256|p272|p354|p379|p40|p425|p556|p571|p65|p696|p97
379	29;5;5;p379	29;5;5;mix|p104|p127|p149|p15|p171|p200|p206|p212|p256|p272|p354|p379|p40|p425|p556|p571|p65|p696|p97
40	29;5;5;p40	29;5;5;mix|p104|p127|p149|p15|p171|p200|p206|p212|p256|p272|p354|p379|p40|p425|p556|p571|p65|p696|p97
425	29;5;5;p425	29;5;5;mix|p104|p127|p149|p15|p171|p200|p206|p212|p256|p272|p354|p379|p40|p425|p556|p571|p65|p696|p97
556	29;5;5;p556	29;5;5;mix|p104|p127|p149|p15|p171|p200|p206|p212|p256|p272|p354|p379|p40|p425|p556|p571|p65|p696|p97
571	29;5;5;p571	29;5;5;mix|p104|p127|p149|p15|p171|p200|p206|p212|p256|p272|p354|p379|p40|p425|p556|p571|p65|p696|p97
65	29;5;5;p65	29;5;5;mix|p104|p127|p149|p15|p171|p200|p206|p212|p256|p272|p354|p379|p40|p425|p556|p571|p65|p696|p97
696	29;5;5;p696	29;5;5;mix|p104|p127|p149|p15|p171|p200|p206|p212|p256|p272|p354|p379|p40|p425|p556|p571|p65|p696|p97
97	29;5;5;p97	29;5;5;mix|p104|p127|p149|p15|p171|p200|p206|p212|p256|p272|p354|p379|p40|p425|p556|p571|p65|p696|p97
120	29;5;5;p120	29;5;5;mix|p120|p218|p389
218	29;5;5;p218	29;5;5;mix|p120|p218|p389
389	29;5;5;p389	29;5;5;mix|p120|p218|p389
267	29;5;5;p267	29;5;5;mix|p267|p291|p382
291	29;5;5;p291	29;5;5;mix|p267|p291|p382
382	29;5;5;p382	29;5;5;mix|p267|p291|p382
114	29;5;5;p114	29;5;5;p114
225	29;5;5;p225	29;5;5;p225
368	29;5;5;p368	29;5;5;p368
605	29;5;5;p605	29;5;5;p605
132	29;5;7;p132	29;5;7;mix|p132|p156|p214|p311|p428|p722
156	29;5;7;p156	29;5;7;mix|p132|p156|p214|p311|p428|p722
214	29;5;7;p214	29;5;7;mix|p132|p156|p214|p311|p428|p722
311	29;5;7;p311	29;5;7;mix|p132|p156|p214|p311|p428|p722
428	29;5;7;p428	29;5;7;mix|p132|p156|p214|p311|p428|p722
722	29;5;7;p722	29;5;7;mix|p132|p156|p214|p311|p428|p722
273	29;5;7;p273	29;5;7;mix|p273|p415|p699
415	29;5;7;p415	29;5;7;mix|p273|p415|p699
699	29;5;7;p699	29;5;7;mix|p273|p415|p699
372	29;5;7;p372	29;5;7;p372
621	29;5;7;p621	29;5;7;p621
692	29;5;7;p692	29;5;7;p692
741	29;5;7;p741	29;5;7;p741
108	29;5;9;p108	29;5;9;p108
617	29;5;9;p617	29;5;9;p617
107	29;5;1	29;5;mix|1|4|p187|p242|p253|p290|p298|p355|p51|p567|p624|p676|p92
118	29;5;1	29;5;mix|1|4|p187|p242|p253|p290|p298|p355|p51|p567|p624|p676|p92
119	29;5;1	29;5;mix|1|4|p187|p242|p253|p290|p298|p355|p51|p567|p624|p676|p92
129	29;5;1	29;5;mix|1|4|p187|p242|p253|p290|p298|p355|p51|p567|p624|p676|p92
131	29;5;1	29;5;mix|1|4|p187|p242|p253|p290|p298|p355|p51|p567|p624|p676|p92
169	29;5;4	29;5;mix|1|4|p187|p242|p253|p290|p298|p355|p51|p567|p624|p676|p92
198	29;5;4	29;5;mix|1|4|p187|p242|p253|p290|p298|p355|p51|p567|p624|p676|p92
209	29;5;4	29;5;mix|1|4|p187|p242|p253|p290|p298|p355|p51|p567|p624|p676|p92
220	29;5;4	29;5;mix|1|4|p187|p242|p253|p290|p298|p355|p51|p567|p624|p676|p92
257	29;5;4	29;5;mix|1|4|p187|p242|p253|p290|p298|p355|p51|p567|p624|p676|p92
516	29;5;4	29;5;mix|1|4|p187|p242|p253|p290|p298|p355|p51|p567|p624|p676|p92
523	29;5;4	29;5;mix|1|4|p187|p242|p253|p290|p298|p355|p51|p567|p624|p676|p92
524	29;5;4	29;5;mix|1|4|p187|p242|p253|p290|p298|p355|p51|p567|p624|p676|p92
711	29;5;4	29;5;mix|1|4|p187|p242|p253|p290|p298|p355|p51|p567|p624|p676|p92
187	29;5;p187	29;5;mix|1|4|p187|p242|p253|p290|p298|p355|p51|p567|p624|p676|p92
242	29;5;p242	29;5;mix|1|4|p187|p242|p253|p290|p298|p355|p51|p567|p624|p676|p92
253	29;5;p253	29;5;mix|1|4|p187|p242|p253|p290|p298|p355|p51|p567|p624|p676|p92
290	29;5;p290	29;5;mix|1|4|p187|p242|p253|p290|p298|p355|p51|p567|p624|p676|p92
298	29;5;p298	29;5;mix|1|4|p187|p242|p253|p290|p298|p355|p51|p567|p624|p676|p92
355	29;5;p355	29;5;mix|1|4|p187|p242|p253|p290|p298|p355|p51|p567|p624|p676|p92
51	29;5;p51	29;5;mix|1|4|p187|p242|p253|p290|p298|p355|p51|p567|p624|p676|p92
567	29;5;p567	29;5;mix|1|4|p187|p242|p253|p290|p298|p355|p51|p567|p624|p676|p92
624	29;5;p624	29;5;mix|1|4|p187|p242|p253|p290|p298|p355|p51|p567|p624|p676|p92
676	29;5;p676	29;5;mix|1|4|p187|p242|p253|p290|p298|p355|p51|p567|p624|p676|p92
92	29;5;p92	29;5;mix|1|4|p187|p242|p253|p290|p298|p355|p51|p567|p624|p676|p92
145	29;5;p145	29;5;mix|p145|p288|p720
288	29;5;p288	29;5;mix|p145|p288|p720
720	29;5;p720	29;5;mix|p145|p288|p720
174	29;5;p174	29;5;mix|p174|p243|p318|p451
243	29;5;p243	29;5;mix|p174|p243|p318|p451
318	29;5;p318	29;5;mix|p174|p243|p318|p451
451	29;5;p451	29;5;mix|p174|p243|p318|p451
189	29;5;p189	29;5;mix|p189|p239|p277|p351|p427|p495|p502|p529|p531|p534|p535|p543|p72
239	29;5;p239	29;5;mix|p189|p239|p277|p351|p427|p495|p502|p529|p531|p534|p535|p543|p72
277	29;5;p277	29;5;mix|p189|p239|p277|p351|p427|p495|p502|p529|p531|p534|p535|p543|p72
351	29;5;p351	29;5;mix|p189|p239|p277|p351|p427|p495|p502|p529|p531|p534|p535|p543|p72
427	29;5;p427	29;5;mix|p189|p239|p277|p351|p427|p495|p502|p529|p531|p534|p535|p543|p72
495	29;5;p495	29;5;mix|p189|p239|p277|p351|p427|p495|p502|p529|p531|p534|p535|p543|p72
502	29;5;p502	29;5;mix|p189|p239|p277|p351|p427|p495|p502|p529|p531|p534|p535|p543|p72
529	29;5;p529	29;5;mix|p189|p239|p277|p351|p427|p495|p502|p529|p531|p534|p535|p543|p72
531	29;5;p531	29;5;mix|p189|p239|p277|p351|p427|p495|p502|p529|p531|p534|p535|p543|p72
534	29;5;p534	29;5;mix|p189|p239|p277|p351|p427|p495|p502|p529|p531|p534|p535|p543|p72
535	29;5;p535	29;5;mix|p189|p239|p277|p351|p427|p495|p502|p529|p531|p534|p535|p543|p72
543	29;5;p543	29;5;mix|p189|p239|p277|p351|p427|p495|p502|p529|p531|p534|p535|p543|p72
72	29;5;p72	29;5;mix|p189|p239|p277|p351|p427|p495|p502|p529|p531|p534|p535|p543|p72
232	29;5;p232	29;5;mix|p232|p271|p280
271	29;5;p271	29;5;mix|p232|p271|p280
280	29;5;p280	29;5;mix|p232|p271|p280
259	29;5;p259	29;5;mix|p259|p301
301	29;5;p301	29;5;mix|p259|p301
307	29;5;p307	29;5;mix|p307|p79|p98
79	29;5;p79	29;5;mix|p307|p79|p98
98	29;5;p98	29;5;mix|p307|p79|p98
665	29;5;p665	29;5;mix|p665|p721
721	29;5;p721	29;5;mix|p665|p721
730	29;5;p730	29;5;p730
694	29;7;4	29;7;4
109	29;7;5;29;7;8	29;7;5;29;7;8
134	29;7;5;29;7;8	29;7;5;29;7;8
146	29;7;p146	29;7;p146
680	29;7;p680	29;7;p680
13	29;6	29;mix|6|8
38	29;6	29;mix|6|8
44	29;6	29;mix|6|8
59	29;6	29;mix|6|8
82	29;6	29;mix|6|8
89	29;6	29;mix|6|8
101	29;6	29;mix|6|8
113	29;6	29;mix|6|8
115	29;6	29;mix|6|8
133	29;6	29;mix|6|8
137	29;6	29;mix|6|8
148	29;6	29;mix|6|8
176	29;6	29;mix|6|8
185	29;6	29;mix|6|8
191	29;6	29;mix|6|8
221	29;6	29;mix|6|8
264	29;6	29;mix|6|8
270	29;6	29;mix|6|8
275	29;6	29;mix|6|8
276	29;6	29;mix|6|8
300	29;6	29;mix|6|8
332	29;6	29;mix|6|8
338	29;6	29;mix|6|8
346	29;6	29;mix|6|8
349	29;6	29;mix|6|8
386	29;6	29;mix|6|8
387	29;6	29;mix|6|8
388	29;6	29;mix|6|8
496	29;6	29;mix|6|8
508	29;6	29;mix|6|8
594	29;6	29;mix|6|8
607	29;6	29;mix|6|8
650	29;6	29;mix|6|8
684	29;6	29;mix|6|8
6	29;8	29;mix|6|8
54	29;8	29;mix|6|8
63	29;8	29;mix|6|8
140	29;8	29;mix|6|8
144	29;8	29;mix|6|8
155	29;8	29;mix|6|8
160	29;8	29;mix|6|8
295	29;8	29;mix|6|8
651	29;8	29;mix|6|8
732	29;8	29;mix|6|8
