Path	nRoot	childrenMax	combi_GG	combi_Time	combi_DxC	walk_GG	walk_Time	walk_DxC	treeComparison	TimeRatio
22	4	3	0.000000	0.000000	0.000000	12.582993	0.025187	1.000000	0	0.000000
6	9	5	0.000000	0.000000	0.000000	17.958676	0.002639	0.889312	0	0.000000
24	12	6	0.000000	0.000000	0.000000	22.484741	0.010935	0.751591	0	0.000000
5	11	6	0.000000	0.000000	0.000000	20.653123	0.004526	1.000000	0	0.000000
14	13	6	0.000000	0.000000	0.000000	20.275259	0.005504	0.846639	0	0.000000
17	49	7	0.000000	0.000000	0.000000	33.200305	0.027924	0.537507	0	0.000000
2	57	8	0.000000	0.000000	0.000000	37.589402	0.055639	0.598888	0	0.000000
25	21	8	0.000000	0.000000	0.000000	31.923179	0.029323	0.418112	0	0.000000
8	83	9	0.000000	0.000000	0.000000	39.342623	0.132223	0.642052	0	0.000000
12	18	9	0.000000	0.000000	0.000000	24.846361	0.039296	0.634667	0	0.000000
7	17	9	0.000000	0.000000	0.000000	26.060933	0.046693	0.765610	0	0.000000
23	56	9	0.000000	0.000000	0.000000	40.714317	0.050994	0.385235	0	0.000000
16	91	9	0.000000	0.000000	0.000000	41.222815	0.107081	0.696012	0	0.000000
18	19	10	0.000000	0.000000	0.000000	25.576705	0.093655	0.591261	0	0.000000
15	16	10	0.000000	0.000000	0.000000	26.353003	0.185963	0.575582	0	0.000000
13	168	12	0.000000	0.000000	0.000000	51.308311	0.404232	0.526637	0	0.000000
10	79	12	0.000000	0.000000	0.000000	42.396375	0.390825	0.497240	0	0.000000
9	55	13	0.000000	0.000000	0.000000	40.742295	1.025237	0.639790	0	0.000000
11	86	13	0.000000	0.000000	0.000000	53.519385	0.534753	0.630443	0	0.000000
4	70	15	0.000000	0.000000	0.000000	63.304682	1.031058	0.505520	0	0.000000
3	31	16	0.000000	0.000000	0.000000	31.374999	1.490338	0.592422	0	0.000000
34	113	16	0.000000	0.000000	0.000000	52.291511	4.865114	0.455793	0	0.000000
19	37	18	0.000000	0.000000	0.000000	46.244791	2.824092	0.429495	0	0.000000
28	43	19	0.000000	0.000000	0.000000	46.098306	3.481029	0.565127	0	0.000000
21	111	19	0.000000	0.000000	0.000000	56.830368	10.741576	0.492601	0	0.000000
26	175	25	0.000000	0.000000	0.000000	69.949923	56.574207	0.315736	0	0.000000
33	35	29	0.000000	0.000000	0.000000	41.542124	414.284218	0.504075	0	0.000000
1	156	29	0.000000	0.000000	0.000000	69.273154	116.305470	0.387380	0	0.000000
Path	nRoot	childrenMax	combi_GG	combi_Time	combi_DxC	walk_GG	walk_Time	walk_DxC	treeComparison	TimeRatio
22	4	3	0.000000	0.000000	0.000000	12.582993	0.000189	1.000000	0	0.000000
6	9	5	0.000000	0.000000	0.000000	17.958676	0.001790	0.889312	0	0.000000
24	12	6	0.000000	0.000000	0.000000	22.484741	0.005620	0.751591	0	0.000000
5	11	6	0.000000	0.000000	0.000000	20.653123	0.003874	1.000000	0	0.000000
14	13	6	0.000000	0.000000	0.000000	20.275259	0.006925	0.846639	0	0.000000
17	49	7	0.000000	0.000000	0.000000	33.200305	0.030732	0.537507	0	0.000000
2	57	8	0.000000	0.000000	0.000000	37.589402	0.053033	0.598888	0	0.000000
25	21	8	0.000000	0.000000	0.000000	31.923179	0.040746	0.418112	0	0.000000
8	83	9	0.000000	0.000000	0.000000	39.342623	0.122873	0.642052	0	0.000000
12	18	9	0.000000	0.000000	0.000000	24.846361	0.051149	0.634667	0	0.000000
7	17	9	0.000000	0.000000	0.000000	26.060933	0.049257	0.765610	0	0.000000
23	56	9	0.000000	0.000000	0.000000	40.714317	0.040729	0.385235	0	0.000000
16	91	9	0.000000	0.000000	0.000000	41.222815	0.125397	0.696012	0	0.000000
18	19	10	0.000000	0.000000	0.000000	25.576705	0.089128	0.591261	0	0.000000
15	16	10	0.000000	0.000000	0.000000	26.353003	0.098134	0.575582	0	0.000000
13	168	12	0.000000	0.000000	0.000000	51.308311	0.437054	0.526637	0	0.000000
10	79	12	0.000000	0.000000	0.000000	42.396375	0.427377	0.497240	0	0.000000
9	55	13	0.000000	0.000000	0.000000	40.742295	0.940434	0.639790	0	0.000000
11	86	13	0.000000	0.000000	0.000000	53.519385	0.669238	0.630443	0	0.000000
4	70	15	0.000000	0.000000	0.000000	63.304682	1.054592	0.505520	0	0.000000
3	31	16	0.000000	0.000000	0.000000	31.374999	1.630168	0.592422	0	0.000000
34	113	16	0.000000	0.000000	0.000000	52.291511	4.844987	0.455793	0	0.000000
19	37	18	0.000000	0.000000	0.000000	46.244791	3.038556	0.429495	0	0.000000
28	43	19	0.000000	0.000000	0.000000	46.098306	3.583034	0.565127	0	0.000000
21	111	19	0.000000	0.000000	0.000000	56.830368	11.392828	0.492601	0	0.000000
26	175	25	0.000000	0.000000	0.000000	69.949923	62.279999	0.315736	0	0.000000
33	35	29	0.000000	0.000000	0.000000	41.483622	312.790549	0.508427	0	0.000000
1	156	29	0.000000	0.000000	0.000000	69.273154	236.832102	0.387380	0	0.000000
Path	nRoot	childrenMax	combi_GG	combi_Time	combi_DxC	walk_GG	walk_Time	walk_DxC	treeComparison	TimeRatio
22	4	3	0.000000	0.000000	0.000000	12.582993	0.058812	1.000000	0	0.000000
6	9	5	0.000000	0.000000	0.000000	17.958676	0.004405	0.889312	0	0.000000
24	12	6	0.000000	0.000000	0.000000	22.484741	0.009076	0.751591	0	0.000000
5	11	6	0.000000	0.000000	0.000000	20.653123	0.009130	1.000000	0	0.000000
14	13	6	0.000000	0.000000	0.000000	20.275259	0.007233	0.846639	0	0.000000
17	49	7	0.000000	0.000000	0.000000	33.200305	0.037852	0.537507	0	0.000000
2	57	8	0.000000	0.000000	0.000000	37.589402	0.062901	0.598888	0	0.000000
25	21	8	0.000000	0.000000	0.000000	31.923179	0.047468	0.418112	0	0.000000
8	83	9	0.000000	0.000000	0.000000	39.342623	0.166441	0.642052	0	0.000000
12	18	9	0.000000	0.000000	0.000000	24.846361	0.066808	0.634667	0	0.000000
7	17	9	0.000000	0.000000	0.000000	26.060933	0.070143	0.765610	0	0.000000
23	56	9	0.000000	0.000000	0.000000	40.714317	0.098174	0.385235	0	0.000000
16	91	9	0.000000	0.000000	0.000000	41.222815	0.207703	0.696012	0	0.000000
18	19	10	0.000000	0.000000	0.000000	25.576705	0.124106	0.591261	0	0.000000
15	16	10	0.000000	0.000000	0.000000	26.353003	0.119802	0.575582	0	0.000000
13	168	12	0.000000	0.000000	0.000000	51.308311	0.678899	0.526637	0	0.000000
10	79	12	0.000000	0.000000	0.000000	42.396375	0.797088	0.497240	0	0.000000
9	55	13	0.000000	0.000000	0.000000	40.742295	1.165880	0.639790	0	0.000000
11	86	13	0.000000	0.000000	0.000000	53.519385	0.844867	0.630443	0	0.000000
4	70	15	0.000000	0.000000	0.000000	63.304682	1.357536	0.505520	0	0.000000
3	31	16	0.000000	0.000000	0.000000	31.374999	1.788307	0.592422	0	0.000000
34	113	16	0.000000	0.000000	0.000000	52.291511	8.157752	0.455793	0	0.000000
19	37	18	0.000000	0.000000	0.000000	46.244791	5.009121	0.429495	0	0.000000
28	43	19	0.000000	0.000000	0.000000	46.098306	4.948744	0.565127	0	0.000000
21	111	19	0.000000	0.000000	0.000000	56.830368	16.816258	0.492601	0	0.000000
26	175	25	0.000000	0.000000	0.000000	69.949923	116.473109	0.315736	0	0.000000
33	35	29	0.000000	0.000000	0.000000	41.504813	237.379053	0.486582	0	0.000000
1	156	29	0.000000	0.000000	0.000000	69.299842	68.327101	0.376417	0	0.000000
