new walking started
StepN	DirectionN	GainBefore	GainNow
0	0	0.	1.418352
1	1	1.418352	2.808898
2	1	2.808898	1.050584
new walking started
StepN	DirectionN	GainBefore	GainNow
new walking started
StepN	DirectionN	GainBefore	GainNow
0	0	0.	0.904407
1	1	0.904407	4.640630
2	1	4.640630	6.222296
0	0	0.	4.640630
1	1	4.640630	4.580348
2	1	4.580348	4.137939
3	1	4.137939	1.848260
4	1	1.848260	2.516787
new walking started
StepN	DirectionN	GainBefore	GainNow
new walking started
StepN	DirectionN	GainBefore	GainNow
0	0	0.	5.303374
1	1	5.303374	5.896670
2	1	5.896670	5.581066
3	1	5.581066	4.948105
0	0	0.	5.896670
1	1	5.896670	5.263709
2	1	5.263709	4.670413
3	1	4.670413	4.483142
4	1	4.483142	3.183835
0	0	0.	5.581066
1	1	5.581066	5.116103
2	1	5.116103	2.854031
3	1	2.854031	2.673381
4	1	2.673381	1.910705
new walking started
StepN	DirectionN	GainBefore	GainNow
new walking started
StepN	DirectionN	GainBefore	GainNow
0	0	0.	7.313146
1	1	7.313146	13.989707
2	1	13.989707	15.094092
3	1	15.094092	15.613189
4	1	15.613189	14.784687
0	0	0.	9.457256
1	1	9.457256	11.688308
2	1	11.688308	12.207405
3	1	12.207405	12.512473
4	1	12.512473	13.591334
0	0	0.	15.094092
1	1	15.094092	14.761469
2	1	14.761469	14.005661
3	1	14.005661	13.177159
4	1	13.177159	14.265590
0	0	0.	15.613189
1	1	15.613189	14.161362
2	1	14.161362	13.672645
3	1	13.672645	13.153548
4	1	13.153548	12.057339
0	0	0.	14.161362
1	1	14.161362	13.664688
2	1	13.664688	13.145591
3	1	13.145591	12.049382
4	1	12.049382	11.489525
new walking started
StepN	DirectionN	GainBefore	GainNow
0	0	0.	3.499067
1	1	3.499067	3.266692
2	1	3.266692	1.179505
new walking started
StepN	DirectionN	GainBefore	GainNow
0	0	0.	17.146674
1	1	17.146674	23.223726
2	1	23.223726	26.430555
3	1	26.430555	10.578111
0	0	0.	21.845157
1	1	21.845157	18.219379
2	1	18.219379	5.145115
3	1	5.145115	7.678958
4	1	7.678958	6.564327
